9
 Total estimated FP  71  True negatives  8075
 Total estimated FN  1500  True positives  6194
 Estimated FP rate  0.01133
 Estimated FN rate  0.16
 No. of Cells in each cluster  {'6_2': 1, '5_2': 1, '5_3': 173, '4_3': 1, '7_3': 1, '8_2': 40, '8_3': 54, '0_2': 58, '0_3': 271}
 Cells in each cluster  {'6_2': [26], '5_2': [83], '5_3': [395, 427, 428, 429, 430, 431, 432, 433, 434, 435, 436, 437, 438, 439, 440, 441, 442, 443, 444, 445, 446, 447, 448, 449, 450, 451, 452, 453, 454, 455, 456, 457, 458, 459, 460, 461, 462, 463, 464, 465, 466, 467, 468, 469, 470, 471, 472, 473, 474, 475, 476, 477, 478, 479, 480, 481, 482, 483, 484, 485, 486, 487, 488, 489, 490, 491, 492, 493, 494, 495, 496, 497, 498, 499, 500, 501, 502, 503, 504, 505, 506, 507, 508, 509, 510, 511, 512, 513, 514, 515, 516, 517, 518, 519, 521, 522, 523, 524, 525, 526, 527, 528, 529, 530, 531, 532, 533, 534, 535, 536, 537, 538, 539, 540, 541, 542, 543, 544, 545, 546, 547, 548, 549, 550, 551, 552, 553, 554, 555, 556, 557, 558, 559, 560, 561, 562, 563, 564, 565, 566, 567, 568, 569, 570, 571, 572, 573, 574, 575, 576, 577, 578, 579, 580, 581, 582, 583, 584, 585, 586, 587, 588, 589, 590, 591, 592, 593, 594, 595, 596, 597, 598, 599], '4_3': [146], '7_3': [520], '8_2': [0, 2, 3, 5, 6, 7, 8, 9, 10, 11, 12, 13, 14, 15, 16, 17, 18, 19, 20, 21, 22, 23, 24, 25, 27, 30, 32, 33, 34, 35, 36, 37, 38, 39, 40, 42, 57, 80, 99, 31], '8_3': [125, 129, 137, 142, 206, 233, 238, 244, 249, 257, 269, 273, 290, 312, 316, 326, 332, 340, 356, 371, 377, 379, 383, 389, 390, 396, 397, 398, 399, 400, 401, 402, 403, 404, 405, 408, 409, 410, 411, 412, 414, 415, 416, 417, 418, 419, 420, 422, 423, 424, 425, 426, 406, 407], '0_2': [4, 69, 59, 92, 1, 28, 29, 41, 43, 44, 45, 46, 47, 48, 49, 50, 51, 52, 53, 54, 55, 56, 58, 60, 61, 62, 63, 64, 65, 66, 67, 68, 70, 71, 72, 73, 74, 75, 76, 77, 78, 79, 81, 82, 84, 85, 86, 87, 88, 89, 90, 91, 93, 94, 95, 96, 97, 98], '0_3': [135, 156, 165, 183, 282, 328, 336, 376, 117, 154, 155, 243, 283, 384, 387, 421, 100, 101, 102, 103, 104, 105, 106, 107, 108, 109, 110, 111, 112, 113, 114, 115, 116, 118, 119, 120, 121, 122, 123, 124, 126, 127, 128, 130, 131, 132, 133, 134, 136, 138, 139, 140, 141, 143, 144, 145, 147, 148, 149, 150, 151, 152, 153, 157, 158, 159, 160, 161, 162, 163, 164, 166, 167, 168, 169, 170, 171, 172, 173, 174, 175, 176, 177, 178, 179, 180, 181, 182, 184, 185, 186, 187, 188, 189, 190, 191, 192, 193, 194, 195, 196, 197, 198, 199, 200, 201, 202, 203, 204, 205, 207, 208, 209, 210, 211, 212, 213, 214, 215, 216, 217, 218, 219, 220, 221, 222, 223, 224, 225, 226, 227, 228, 229, 230, 231, 232, 234, 235, 236, 237, 239, 240, 241, 242, 245, 246, 247, 248, 250, 251, 252, 253, 254, 255, 256, 258, 259, 260, 261, 262, 263, 264, 265, 266, 267, 268, 270, 271, 272, 274, 275, 276, 277, 278, 279, 280, 281, 284, 285, 286, 287, 288, 289, 291, 292, 293, 294, 295, 296, 297, 298, 299, 300, 301, 302, 303, 304, 305, 306, 307, 308, 309, 310, 311, 313, 314, 315, 317, 318, 319, 320, 321, 322, 323, 324, 325, 327, 329, 330, 331, 333, 334, 335, 337, 338, 339, 341, 342, 343, 344, 345, 346, 347, 348, 349, 350, 351, 352, 353, 354, 355, 357, 358, 359, 360, 361, 362, 363, 364, 365, 366, 367, 368, 369, 370, 372, 373, 374, 375, 378, 380, 381, 382, 385, 386, 388, 391, 392, 393, 394, 413]}
FP rate  0.01133 FN rate  0.16
 Before reassigning cells 
 Timepoint  2
 Cluster  6  # of cells  1
 Cluster  8  # of cells  42
 Cluster  0  # of cells  53
 Timepoint  3
 Cluster  5  # of cells  173
 Cluster  4  # of cells  1
 Cluster  7  # of cells  1
 Cluster  8  # of cells  54
 Cluster  0  # of cells  260
 Cells absent at timepoint  2   {1, 28, 29, 47}
 Missing cell prob  {'8': 0.006367446592132027, '0': 0.006367446592132027, '6': 2.249330062274244e-06}
 Missing cell prob  {'8': 0.0011991054137606041, '0': 0.0011991054137606041, '6': 2.617439270343977e-06}
 Missing cell prob  {'8': 3.069709859227147e-05, '0': 3.069709859227147e-05, '6': 1.0843892553965362e-08}
 Missing cell prob  {'8': 0.11967310480114465, '0': 0.11967310480114465, '6': 1.2446702501379614e-09}
 Cells absent at timepoint  3   {194, 259, 101, 136, 105, 264, 265, 238, 336, 220, 350}
 Missing cell prob  {'4': 4.619904413297221e-11, '7': 7.776055778811557e-20, '0': 0.004441966094734781, '8': 0.004441966094734781, '5': 2.089893960003693e-09}
 Missing cell prob  {'4': 5.234351700265749e-13, '7': 1.0570785971783034e-20, '0': 8.14467530777227e-06, '8': 8.14467530777227e-06, '5': 2.841006081144328e-10}
 Missing cell prob  {'4': 1.2758875570823973e-11, '7': 1.5308421259460532e-10, '0': 0.001226746002134089, '8': 0.001226746002134089, '5': 2.2037707270447106e-08}
 Missing cell prob  {'4': 1.8040482587847453e-12, '7': 7.646347480186639e-15, '0': 0.15429710545365896, '8': 0.15429710545365896, '5': 2.7718488071285106e-06}
 Missing cell prob  {'4': 2.1157720025287625e-11, '7': 8.967569377042675e-14, '0': 0.15082053999377934, '8': 0.15082053999377934, '5': 4.384710016229991e-07}
 Missing cell prob  {'4': 3.74905205756287e-14, '7': 1.5890126338829164e-16, '0': 0.12243169048612744, '8': 0.12243169048612744, '5': 3.5593789784908255e-07}
 Missing cell prob  {'4': 2.068100208276076e-11, '7': 1.9133600766721684e-16, '0': 0.14742230722433672, '8': 0.14742230722433672, '5': 4.285915347663823e-07}
 Missing cell prob  {'4': 0.00026577950406524663, '7': 5.3674235398009695e-12, '0': 6.9607933315808325e-06, '8': 0.0002657795040652468, '5': 2.0236673494968436e-11}
 Missing cell prob  {'4': 5.158972845501079e-07, '7': 2.1865988797950017e-09, '0': 3.824834236735134e-05, '8': 3.824834236735134e-05, '5': 1.1119698277783419e-10}
 Missing cell prob  {'4': 4.583905980284279e-12, '7': 6.863244288447974e-18, '0': 0.005288054874684261, '8': 0.005288054874684261, '5': 2.4879690000043954e-09}
 Missing cell prob  {'4': 1.5922756035169855e-10, '7': 9.102794619269807e-15, '0': 0.029726728684309214, '8': 0.029726728684309214, '5': 3.2998200084863213e-06}
 Timepoint  2
 Timepoint  3
 After reassigning and merging cells 
 Timepoint  2
 Cluster  6  # of cells  1
 Cluster  8  # of cells  46
 Cluster  0  # of cells  53
 Timepoint  3
 Cluster  5  # of cells  173
 Cluster  4  # of cells  1
 Cluster  7  # of cells  1
 Cluster  8  # of cells  55
 Cluster  0  # of cells  270
 New Graph is here 
 ID  0  Timepoint  1  Mutations  []  Type  subclone
 ID  1  Timepoint  2  Mutations  [0, 4, 5, 6, 7, 8, 9, 10, 11, 21, 24, 29, 32]  Type  subclone
 ID  2  Timepoint  2  Mutations  [0, 1, 2, 3, 4, 5, 6, 7, 8, 9, 10, 11]  Type  subclone
 ID  3  Timepoint  2  Mutations  [0, 1, 2, 3, 4, 5, 6, 7, 8, 9, 10, 11, 21, 22]  Type  subclone
 ID  4  Timepoint  3  Mutations  [0, 1, 2, 3, 4, 5, 6, 7, 8, 9, 10, 11, 23, 24, 25, 26, 27, 28, 29, 30, 31, 32]  Type  subclone
 ID  5  Timepoint  3  Mutations  [0, 3, 5, 6, 9, 10, 11, 17, 23, 26, 27]  Type  subclone
 ID  6  Timepoint  3  Mutations  [3, 4, 7, 9, 10, 11, 13, 14, 17, 21, 24, 25, 26, 27, 30, 31]  Type  subclone
 ID  7  Timepoint  3  Mutations  [0, 1, 2, 3, 4, 5, 6, 7, 8, 9, 10, 11]  Type  subclone
 ID  8  Timepoint  3  Mutations  [0, 1, 2, 3, 4, 5, 6, 7, 8, 9, 10, 11, 21, 22]  Type  subclone
Timepoints  SortedDict({1: [0], 2: [1, 2, 3], 3: [4, 5, 6, 7, 8]})
 Clone to nodes  {'6_2': 1, '8_2': 2, '0_2': 3, '5_3': 4, '4_3': 5, '7_3': 6, '8_3': 7, '0_3': 8}
 Timepoint ====  1
 Hash table  {'0,1,2': [0, 4, 5, 6, 7, 8, 9, 10, 11], '0,2': [21], '0': [24, 29, 32], '1,2': [1, 2, 3], '2': [22]}
 Final possible usc  [[0, 4, 5, 6, 7, 8, 9, 10, 11], [21], [24, 29, 32], [1, 2, 3], [22]]
 Time  1  USC keys  {'21_0', '22_0', '1,2,3_0', '0,4,5,6,7,8,9,10,11_0', '24,29,32_0'}
 USC children  {'0,4,5,6,7,8,9,10,11_0': [1, 2, 3], '21_0': [1, 3], '24,29,32_0': [1], '1,2,3_0': [2, 3], '22_0': [3]}
 USC children  {'0,4,5,6,7,8,9,10,11_0': [1, 2, 3], '21_0': [1, 3], '24,29,32_0': [1], '1,2,3_0': [2, 3], '22_0': [3]}
 Timepoint ====  2
 Hash table  {'0,1': [0, 5, 6, 23], '0': [1, 2, 8, 28, 29, 32], '0,1,2': [3, 9, 10, 11, 26, 27], '0,2': [4, 7, 24, 25, 30, 31], '1,2': [17], '2': [13, 14, 21]}
====== Inside find superset of t nodes ==========
 Final possible usc  []
 Time  2  USC keys  set()
 USC children  {'0,4,5,6,7,8,9,10,11_0': [1, 2, 3], '21_0': [1, 3], '24,29,32_0': [1], '1,2,3_0': [2, 3], '22_0': [3]}
 USC children  {'0,4,5,6,7,8,9,10,11_0': [1, 2, 3], '21_0': [1, 3], '24,29,32_0': [1], '1,2,3_0': [2, 3], '22_0': [3]}
 Node s  {'1,2,3': ['0', '4', '5', '6', '7', '8', '9', '10', '11']}
 Enroll USC nodes  ['1', '2', '3']  len  3
 Node TP  SortedDict({1: [0], 2: [1, 2, 3], 3: [4, 5, 6, 7, 8]})
 Unobserved subclones at timepoints  {1.5: [9]}
 ============== Inside finding node v ============ 
 Time  2
 Time  3
 largest_v_mut  [[0, 1, 2, 3, 4, 5, 6, 7, 8, 9, 10, 11]]
 largest_v_mut  []
 largest_v_mut  []
 Sorted all timepoints  [1, 1.5, 2, 3]
 Timepoint  2
 Inside usc_node check  2
 Timepoint  3
 Node  5  has no parent 
 USC nodes  []
 Node with minimum mutation sets  {1: 7, 2: 5, 3: 7}
 Node  6  has no parent 
 USC nodes  []
 Node with minimum mutation sets  {1: 6, 2: 6, 3: 7}
0   1   [-1]   subclone   []   []
1   2   [9]   subclone   [0, 4, 5, 6, 7, 8, 9, 10, 11, 21, 24, 29, 32]   [4]
2   2   [9]   subclone   [0, 1, 2, 3, 4, 5, 6, 7, 8, 9, 10, 11]   [3]
3   2   [9]   subclone   [0, 1, 2, 3, 4, 5, 6, 7, 8, 9, 10, 11, 21, 22]   [5]
4   3   [2]   subclone   [0, 1, 2, 3, 4, 5, 6, 7, 8, 9, 10, 11, 23, 24, 25, 26, 27, 28, 29, 30, 31, 32]   [10]
5   3   [2]   subclone   [0, 3, 5, 6, 9, 10, 11, 17, 23, 26, 27]   [4]
6   3   [1]   subclone   [3, 4, 7, 9, 10, 11, 13, 14, 17, 21, 24, 25, 26, 27, 30, 31]   [9]
7   3   [2]   subclone   [0, 1, 2, 3, 4, 5, 6, 7, 8, 9, 10, 11]   [0]
8   3   [3]   subclone   [0, 1, 2, 3, 4, 5, 6, 7, 8, 9, 10, 11, 21, 22]   [0]
9   1.5   [0]   unobserved subclone   [0, 4, 5, 6, 7, 8, 9, 10, 11]   [9]
 No. of Cells in each cluster  {'6_2': 1, '5_2': 1, '5_3': 173, '4_3': 1, '7_3': 1, '8_2': 40, '8_3': 54, '0_2': 58, '0_3': 271}
 Cells in each cluster  {'6_2': [26], '5_2': [83], '5_3': [395, 427, 428, 429, 430, 431, 432, 433, 434, 435, 436, 437, 438, 439, 440, 441, 442, 443, 444, 445, 446, 447, 448, 449, 450, 451, 452, 453, 454, 455, 456, 457, 458, 459, 460, 461, 462, 463, 464, 465, 466, 467, 468, 469, 470, 471, 472, 473, 474, 475, 476, 477, 478, 479, 480, 481, 482, 483, 484, 485, 486, 487, 488, 489, 490, 491, 492, 493, 494, 495, 496, 497, 498, 499, 500, 501, 502, 503, 504, 505, 506, 507, 508, 509, 510, 511, 512, 513, 514, 515, 516, 517, 518, 519, 521, 522, 523, 524, 525, 526, 527, 528, 529, 530, 531, 532, 533, 534, 535, 536, 537, 538, 539, 540, 541, 542, 543, 544, 545, 546, 547, 548, 549, 550, 551, 552, 553, 554, 555, 556, 557, 558, 559, 560, 561, 562, 563, 564, 565, 566, 567, 568, 569, 570, 571, 572, 573, 574, 575, 576, 577, 578, 579, 580, 581, 582, 583, 584, 585, 586, 587, 588, 589, 590, 591, 592, 593, 594, 595, 596, 597, 598, 599], '4_3': [146], '7_3': [520], '8_2': [0, 2, 3, 5, 6, 7, 8, 9, 10, 11, 12, 13, 14, 15, 16, 17, 18, 19, 20, 21, 22, 23, 24, 25, 27, 30, 32, 33, 34, 35, 36, 37, 38, 39, 40, 42, 57, 80, 99, 31], '8_3': [125, 129, 137, 142, 206, 233, 238, 244, 249, 257, 269, 273, 290, 312, 316, 326, 332, 340, 356, 371, 377, 379, 383, 389, 390, 396, 397, 398, 399, 400, 401, 402, 403, 404, 405, 408, 409, 410, 411, 412, 414, 415, 416, 417, 418, 419, 420, 422, 423, 424, 425, 426, 406, 407], '0_2': [4, 69, 59, 92, 1, 28, 29, 41, 43, 44, 45, 46, 47, 48, 49, 50, 51, 52, 53, 54, 55, 56, 58, 60, 61, 62, 63, 64, 65, 66, 67, 68, 70, 71, 72, 73, 74, 75, 76, 77, 78, 79, 81, 82, 84, 85, 86, 87, 88, 89, 90, 91, 93, 94, 95, 96, 97, 98], '0_3': [135, 156, 165, 183, 282, 328, 336, 376, 117, 154, 155, 243, 283, 384, 387, 421, 100, 101, 102, 103, 104, 105, 106, 107, 108, 109, 110, 111, 112, 113, 114, 115, 116, 118, 119, 120, 121, 122, 123, 124, 126, 127, 128, 130, 131, 132, 133, 134, 136, 138, 139, 140, 141, 143, 144, 145, 147, 148, 149, 150, 151, 152, 153, 157, 158, 159, 160, 161, 162, 163, 164, 166, 167, 168, 169, 170, 171, 172, 173, 174, 175, 176, 177, 178, 179, 180, 181, 182, 184, 185, 186, 187, 188, 189, 190, 191, 192, 193, 194, 195, 196, 197, 198, 199, 200, 201, 202, 203, 204, 205, 207, 208, 209, 210, 211, 212, 213, 214, 215, 216, 217, 218, 219, 220, 221, 222, 223, 224, 225, 226, 227, 228, 229, 230, 231, 232, 234, 235, 236, 237, 239, 240, 241, 242, 245, 246, 247, 248, 250, 251, 252, 253, 254, 255, 256, 258, 259, 260, 261, 262, 263, 264, 265, 266, 267, 268, 270, 271, 272, 274, 275, 276, 277, 278, 279, 280, 281, 284, 285, 286, 287, 288, 289, 291, 292, 293, 294, 295, 296, 297, 298, 299, 300, 301, 302, 303, 304, 305, 306, 307, 308, 309, 310, 311, 313, 314, 315, 317, 318, 319, 320, 321, 322, 323, 324, 325, 327, 329, 330, 331, 333, 334, 335, 337, 338, 339, 341, 342, 343, 344, 345, 346, 347, 348, 349, 350, 351, 352, 353, 354, 355, 357, 358, 359, 360, 361, 362, 363, 364, 365, 366, 367, 368, 369, 370, 372, 373, 374, 375, 378, 380, 381, 382, 385, 386, 388, 391, 392, 393, 394, 413]}
FP rate  0.01133 FN rate  0.16
 Before reassigning cells 
 Timepoint  2
 Cluster  6  # of cells  1
 Cluster  8  # of cells  42
 Cluster  0  # of cells  53
 Timepoint  3
 Cluster  5  # of cells  173
 Cluster  4  # of cells  1
 Cluster  7  # of cells  1
 Cluster  8  # of cells  54
 Cluster  0  # of cells  260
 Cells absent at timepoint  2   {1, 28, 29, 47}
 Missing cell prob  {'0': 0.006367446592132027, '6': 2.249330062274244e-06, '8': 0.006367446592132027}
 Missing cell prob  {'0': 0.0011991054137606041, '6': 2.617439270343977e-06, '8': 0.0011991054137606041}
 Missing cell prob  {'0': 3.069709859227147e-05, '6': 1.0843892553965362e-08, '8': 3.069709859227147e-05}
 Missing cell prob  {'0': 0.11967310480114465, '6': 1.2446702501379614e-09, '8': 0.11967310480114465}
 Cells absent at timepoint  3   {194, 259, 101, 136, 105, 264, 265, 238, 336, 220, 350}
 Missing cell prob  {'4': 4.619904413297221e-11, '0': 0.004441966094734781, '5': 2.089893960003693e-09, '7': 7.776055778811557e-20, '8': 0.004441966094734781}
 Missing cell prob  {'4': 5.234351700265749e-13, '0': 8.14467530777227e-06, '5': 2.841006081144328e-10, '7': 1.0570785971783034e-20, '8': 8.14467530777227e-06}
 Missing cell prob  {'4': 1.2758875570823973e-11, '0': 0.001226746002134089, '5': 2.2037707270447106e-08, '7': 1.5308421259460532e-10, '8': 0.001226746002134089}
 Missing cell prob  {'4': 1.8040482587847453e-12, '0': 0.15429710545365896, '5': 2.7718488071285106e-06, '7': 7.646347480186639e-15, '8': 0.15429710545365896}
 Missing cell prob  {'4': 2.1157720025287625e-11, '0': 0.15082053999377934, '5': 4.384710016229991e-07, '7': 8.967569377042675e-14, '8': 0.15082053999377934}
 Missing cell prob  {'4': 3.74905205756287e-14, '0': 0.12243169048612744, '5': 3.5593789784908255e-07, '7': 1.5890126338829164e-16, '8': 0.12243169048612744}
 Missing cell prob  {'4': 2.068100208276076e-11, '0': 0.14742230722433672, '5': 4.285915347663823e-07, '7': 1.9133600766721684e-16, '8': 0.14742230722433672}
 Missing cell prob  {'4': 0.00026577950406524663, '0': 6.9607933315808325e-06, '5': 2.0236673494968436e-11, '7': 5.3674235398009695e-12, '8': 0.0002657795040652468}
 Missing cell prob  {'4': 5.158972845501079e-07, '0': 3.824834236735134e-05, '5': 1.1119698277783419e-10, '7': 2.1865988797950017e-09, '8': 3.824834236735134e-05}
 Missing cell prob  {'4': 4.583905980284279e-12, '0': 0.005288054874684261, '5': 2.4879690000043954e-09, '7': 6.863244288447974e-18, '8': 0.005288054874684261}
 Missing cell prob  {'4': 1.5922756035169855e-10, '0': 0.029726728684309214, '5': 3.2998200084863213e-06, '7': 9.102794619269807e-15, '8': 0.029726728684309214}
 Timepoint  2
 Timepoint  3
 After reassigning and merging cells 
 Timepoint  2
 Cluster  6  # of cells  1
 Cluster  8  # of cells  42
 Cluster  0  # of cells  57
 Timepoint  3
 Cluster  5  # of cells  173
 Cluster  4  # of cells  1
 Cluster  7  # of cells  1
 Cluster  8  # of cells  55
 Cluster  0  # of cells  270
 New Graph is here 
 ID  0  Timepoint  1  Mutations  []  Type  subclone
 ID  1  Timepoint  2  Mutations  [0, 4, 5, 6, 7, 8, 9, 10, 11, 21, 24, 29, 32]  Type  subclone
 ID  2  Timepoint  2  Mutations  [0, 1, 2, 3, 4, 5, 6, 7, 8, 9, 10, 11]  Type  subclone
 ID  3  Timepoint  2  Mutations  [0, 1, 2, 3, 4, 5, 6, 7, 8, 9, 10, 11, 21, 22]  Type  subclone
 ID  4  Timepoint  3  Mutations  [0, 1, 2, 3, 4, 5, 6, 7, 8, 9, 10, 11, 23, 24, 25, 26, 27, 28, 29, 30, 31, 32]  Type  subclone
 ID  5  Timepoint  3  Mutations  [0, 3, 5, 6, 9, 10, 11, 17, 23, 26, 27]  Type  subclone
 ID  6  Timepoint  3  Mutations  [3, 4, 7, 9, 10, 11, 13, 14, 17, 21, 24, 25, 26, 27, 30, 31]  Type  subclone
 ID  7  Timepoint  3  Mutations  [0, 1, 2, 3, 4, 5, 6, 7, 8, 9, 10, 11]  Type  subclone
 ID  8  Timepoint  3  Mutations  [0, 1, 2, 3, 4, 5, 6, 7, 8, 9, 10, 11, 21, 22]  Type  subclone
Timepoints  SortedDict({1: [0], 2: [1, 2, 3], 3: [4, 5, 6, 7, 8]})
 Clone to nodes  {'6_2': 1, '8_2': 2, '0_2': 3, '5_3': 4, '4_3': 5, '7_3': 6, '8_3': 7, '0_3': 8}
 Timepoint ====  1
 Hash table  {'0,1,2': [0, 4, 5, 6, 7, 8, 9, 10, 11], '0,2': [21], '0': [24, 29, 32], '1,2': [1, 2, 3], '2': [22]}
 Final possible usc  [[0, 4, 5, 6, 7, 8, 9, 10, 11], [21], [24, 29, 32], [1, 2, 3], [22]]
 Time  1  USC keys  {'1,2,3_0', '22_0', '24,29,32_0', '21_0', '0,4,5,6,7,8,9,10,11_0'}
 USC children  {'0,4,5,6,7,8,9,10,11_0': [1, 2, 3], '21_0': [1, 3], '24,29,32_0': [1], '1,2,3_0': [2, 3], '22_0': [3]}
 USC children  {'0,4,5,6,7,8,9,10,11_0': [1, 2, 3], '21_0': [1, 3], '24,29,32_0': [1], '1,2,3_0': [2, 3], '22_0': [3]}
 Timepoint ====  2
 Hash table  {'0,1': [0, 5, 6, 23], '0': [1, 2, 8, 28, 29, 32], '0,1,2': [3, 9, 10, 11, 26, 27], '0,2': [4, 7, 24, 25, 30, 31], '1,2': [17], '2': [13, 14, 21]}
====== Inside find superset of t nodes ==========
 Final possible usc  []
 Time  2  USC keys  set()
 USC children  {'0,4,5,6,7,8,9,10,11_0': [1, 2, 3], '21_0': [1, 3], '24,29,32_0': [1], '1,2,3_0': [2, 3], '22_0': [3]}
 USC children  {'0,4,5,6,7,8,9,10,11_0': [1, 2, 3], '21_0': [1, 3], '24,29,32_0': [1], '1,2,3_0': [2, 3], '22_0': [3]}
 Node s  {'1,2,3': ['0', '4', '5', '6', '7', '8', '9', '10', '11']}
 Enroll USC nodes  ['1', '2', '3']  len  3
 Node TP  SortedDict({1: [0], 2: [1, 2, 3], 3: [4, 5, 6, 7, 8]})
 Unobserved subclones at timepoints  {1.5: [9]}
 ============== Inside finding node v ============ 
 Time  2
 Time  3
 largest_v_mut  [[0, 1, 2, 3, 4, 5, 6, 7, 8, 9, 10, 11]]
 largest_v_mut  []
 largest_v_mut  []
 Sorted all timepoints  [1, 1.5, 2, 3]
 Timepoint  2
 Inside usc_node check  2
 Timepoint  3
 Node  5  has no parent 
 USC nodes  []
 Node with minimum mutation sets  {1: 7, 2: 5, 3: 7}
 Node  6  has no parent 
 USC nodes  []
 Node with minimum mutation sets  {1: 6, 2: 6, 3: 7}
0   1   [-1]   subclone   []   []
1   2   [9]   subclone   [0, 4, 5, 6, 7, 8, 9, 10, 11, 21, 24, 29, 32]   [4]
2   2   [9]   subclone   [0, 1, 2, 3, 4, 5, 6, 7, 8, 9, 10, 11]   [3]
3   2   [9]   subclone   [0, 1, 2, 3, 4, 5, 6, 7, 8, 9, 10, 11, 21, 22]   [5]
4   3   [2]   subclone   [0, 1, 2, 3, 4, 5, 6, 7, 8, 9, 10, 11, 23, 24, 25, 26, 27, 28, 29, 30, 31, 32]   [10]
5   3   [2]   subclone   [0, 3, 5, 6, 9, 10, 11, 17, 23, 26, 27]   [4]
6   3   [1]   subclone   [3, 4, 7, 9, 10, 11, 13, 14, 17, 21, 24, 25, 26, 27, 30, 31]   [9]
7   3   [2]   subclone   [0, 1, 2, 3, 4, 5, 6, 7, 8, 9, 10, 11]   [0]
8   3   [3]   subclone   [0, 1, 2, 3, 4, 5, 6, 7, 8, 9, 10, 11, 21, 22]   [0]
9   1.5   [0]   unobserved subclone   [0, 4, 5, 6, 7, 8, 9, 10, 11]   [9]
 No. of Cells in each cluster  {'6_2': 1, '5_2': 1, '5_3': 173, '4_3': 1, '7_3': 1, '8_2': 40, '8_3': 54, '0_2': 58, '0_3': 271}
 Cells in each cluster  {'6_2': [26], '5_2': [83], '5_3': [395, 427, 428, 429, 430, 431, 432, 433, 434, 435, 436, 437, 438, 439, 440, 441, 442, 443, 444, 445, 446, 447, 448, 449, 450, 451, 452, 453, 454, 455, 456, 457, 458, 459, 460, 461, 462, 463, 464, 465, 466, 467, 468, 469, 470, 471, 472, 473, 474, 475, 476, 477, 478, 479, 480, 481, 482, 483, 484, 485, 486, 487, 488, 489, 490, 491, 492, 493, 494, 495, 496, 497, 498, 499, 500, 501, 502, 503, 504, 505, 506, 507, 508, 509, 510, 511, 512, 513, 514, 515, 516, 517, 518, 519, 521, 522, 523, 524, 525, 526, 527, 528, 529, 530, 531, 532, 533, 534, 535, 536, 537, 538, 539, 540, 541, 542, 543, 544, 545, 546, 547, 548, 549, 550, 551, 552, 553, 554, 555, 556, 557, 558, 559, 560, 561, 562, 563, 564, 565, 566, 567, 568, 569, 570, 571, 572, 573, 574, 575, 576, 577, 578, 579, 580, 581, 582, 583, 584, 585, 586, 587, 588, 589, 590, 591, 592, 593, 594, 595, 596, 597, 598, 599], '4_3': [146], '7_3': [520], '8_2': [0, 2, 3, 5, 6, 7, 8, 9, 10, 11, 12, 13, 14, 15, 16, 17, 18, 19, 20, 21, 22, 23, 24, 25, 27, 30, 32, 33, 34, 35, 36, 37, 38, 39, 40, 42, 57, 80, 99, 31], '8_3': [125, 129, 137, 142, 206, 233, 238, 244, 249, 257, 269, 273, 290, 312, 316, 326, 332, 340, 356, 371, 377, 379, 383, 389, 390, 396, 397, 398, 399, 400, 401, 402, 403, 404, 405, 408, 409, 410, 411, 412, 414, 415, 416, 417, 418, 419, 420, 422, 423, 424, 425, 426, 406, 407], '0_2': [4, 69, 59, 92, 1, 28, 29, 41, 43, 44, 45, 46, 47, 48, 49, 50, 51, 52, 53, 54, 55, 56, 58, 60, 61, 62, 63, 64, 65, 66, 67, 68, 70, 71, 72, 73, 74, 75, 76, 77, 78, 79, 81, 82, 84, 85, 86, 87, 88, 89, 90, 91, 93, 94, 95, 96, 97, 98], '0_3': [135, 156, 165, 183, 282, 328, 336, 376, 117, 154, 155, 243, 283, 384, 387, 421, 100, 101, 102, 103, 104, 105, 106, 107, 108, 109, 110, 111, 112, 113, 114, 115, 116, 118, 119, 120, 121, 122, 123, 124, 126, 127, 128, 130, 131, 132, 133, 134, 136, 138, 139, 140, 141, 143, 144, 145, 147, 148, 149, 150, 151, 152, 153, 157, 158, 159, 160, 161, 162, 163, 164, 166, 167, 168, 169, 170, 171, 172, 173, 174, 175, 176, 177, 178, 179, 180, 181, 182, 184, 185, 186, 187, 188, 189, 190, 191, 192, 193, 194, 195, 196, 197, 198, 199, 200, 201, 202, 203, 204, 205, 207, 208, 209, 210, 211, 212, 213, 214, 215, 216, 217, 218, 219, 220, 221, 222, 223, 224, 225, 226, 227, 228, 229, 230, 231, 232, 234, 235, 236, 237, 239, 240, 241, 242, 245, 246, 247, 248, 250, 251, 252, 253, 254, 255, 256, 258, 259, 260, 261, 262, 263, 264, 265, 266, 267, 268, 270, 271, 272, 274, 275, 276, 277, 278, 279, 280, 281, 284, 285, 286, 287, 288, 289, 291, 292, 293, 294, 295, 296, 297, 298, 299, 300, 301, 302, 303, 304, 305, 306, 307, 308, 309, 310, 311, 313, 314, 315, 317, 318, 319, 320, 321, 322, 323, 324, 325, 327, 329, 330, 331, 333, 334, 335, 337, 338, 339, 341, 342, 343, 344, 345, 346, 347, 348, 349, 350, 351, 352, 353, 354, 355, 357, 358, 359, 360, 361, 362, 363, 364, 365, 366, 367, 368, 369, 370, 372, 373, 374, 375, 378, 380, 381, 382, 385, 386, 388, 391, 392, 393, 394, 413]}
FP rate  0.01133 FN rate  0.16
 No. of Cells in each cluster  {'6_2': 1, '5_2': 1, '5_3': 173, '4_3': 1, '7_3': 1, '8_2': 40, '8_3': 54, '0_2': 58, '0_3': 271}
 Cells in each cluster  {'6_2': [26], '5_2': [83], '5_3': [395, 427, 428, 429, 430, 431, 432, 433, 434, 435, 436, 437, 438, 439, 440, 441, 442, 443, 444, 445, 446, 447, 448, 449, 450, 451, 452, 453, 454, 455, 456, 457, 458, 459, 460, 461, 462, 463, 464, 465, 466, 467, 468, 469, 470, 471, 472, 473, 474, 475, 476, 477, 478, 479, 480, 481, 482, 483, 484, 485, 486, 487, 488, 489, 490, 491, 492, 493, 494, 495, 496, 497, 498, 499, 500, 501, 502, 503, 504, 505, 506, 507, 508, 509, 510, 511, 512, 513, 514, 515, 516, 517, 518, 519, 521, 522, 523, 524, 525, 526, 527, 528, 529, 530, 531, 532, 533, 534, 535, 536, 537, 538, 539, 540, 541, 542, 543, 544, 545, 546, 547, 548, 549, 550, 551, 552, 553, 554, 555, 556, 557, 558, 559, 560, 561, 562, 563, 564, 565, 566, 567, 568, 569, 570, 571, 572, 573, 574, 575, 576, 577, 578, 579, 580, 581, 582, 583, 584, 585, 586, 587, 588, 589, 590, 591, 592, 593, 594, 595, 596, 597, 598, 599], '4_3': [146], '7_3': [520], '8_2': [0, 2, 3, 5, 6, 7, 8, 9, 10, 11, 12, 13, 14, 15, 16, 17, 18, 19, 20, 21, 22, 23, 24, 25, 27, 30, 32, 33, 34, 35, 36, 37, 38, 39, 40, 42, 57, 80, 99, 31], '8_3': [125, 129, 137, 142, 206, 233, 238, 244, 249, 257, 269, 273, 290, 312, 316, 326, 332, 340, 356, 371, 377, 379, 383, 389, 390, 396, 397, 398, 399, 400, 401, 402, 403, 404, 405, 408, 409, 410, 411, 412, 414, 415, 416, 417, 418, 419, 420, 422, 423, 424, 425, 426, 406, 407], '0_2': [4, 69, 59, 92, 1, 28, 29, 41, 43, 44, 45, 46, 47, 48, 49, 50, 51, 52, 53, 54, 55, 56, 58, 60, 61, 62, 63, 64, 65, 66, 67, 68, 70, 71, 72, 73, 74, 75, 76, 77, 78, 79, 81, 82, 84, 85, 86, 87, 88, 89, 90, 91, 93, 94, 95, 96, 97, 98], '0_3': [135, 156, 165, 183, 282, 328, 336, 376, 117, 154, 155, 243, 283, 384, 387, 421, 100, 101, 102, 103, 104, 105, 106, 107, 108, 109, 110, 111, 112, 113, 114, 115, 116, 118, 119, 120, 121, 122, 123, 124, 126, 127, 128, 130, 131, 132, 133, 134, 136, 138, 139, 140, 141, 143, 144, 145, 147, 148, 149, 150, 151, 152, 153, 157, 158, 159, 160, 161, 162, 163, 164, 166, 167, 168, 169, 170, 171, 172, 173, 174, 175, 176, 177, 178, 179, 180, 181, 182, 184, 185, 186, 187, 188, 189, 190, 191, 192, 193, 194, 195, 196, 197, 198, 199, 200, 201, 202, 203, 204, 205, 207, 208, 209, 210, 211, 212, 213, 214, 215, 216, 217, 218, 219, 220, 221, 222, 223, 224, 225, 226, 227, 228, 229, 230, 231, 232, 234, 235, 236, 237, 239, 240, 241, 242, 245, 246, 247, 248, 250, 251, 252, 253, 254, 255, 256, 258, 259, 260, 261, 262, 263, 264, 265, 266, 267, 268, 270, 271, 272, 274, 275, 276, 277, 278, 279, 280, 281, 284, 285, 286, 287, 288, 289, 291, 292, 293, 294, 295, 296, 297, 298, 299, 300, 301, 302, 303, 304, 305, 306, 307, 308, 309, 310, 311, 313, 314, 315, 317, 318, 319, 320, 321, 322, 323, 324, 325, 327, 329, 330, 331, 333, 334, 335, 337, 338, 339, 341, 342, 343, 344, 345, 346, 347, 348, 349, 350, 351, 352, 353, 354, 355, 357, 358, 359, 360, 361, 362, 363, 364, 365, 366, 367, 368, 369, 370, 372, 373, 374, 375, 378, 380, 381, 382, 385, 386, 388, 391, 392, 393, 394, 413]}
FP rate  0.01133 FN rate  0.16
 Before reassigning cells 
 Timepoint  2
 Cluster  6  # of cells  1
 Cluster  8  # of cells  42
 Cluster  0  # of cells  53
 Timepoint  3
 Cluster  5  # of cells  173
 Cluster  4  # of cells  1
 Cluster  7  # of cells  1
 Cluster  8  # of cells  54
 Cluster  0  # of cells  260
 Cells absent at timepoint  2   {1, 28, 29, 47}
 Missing cell prob  {'8': 0.006367446592132027, '6': 2.249330062274244e-06, '0': 0.006367446592132027}
 Missing cell prob  {'8': 0.0011991054137606041, '6': 2.617439270343977e-06, '0': 0.0011991054137606041}
 Missing cell prob  {'8': 3.069709859227147e-05, '6': 1.0843892553965362e-08, '0': 3.069709859227147e-05}
 Missing cell prob  {'8': 0.11967310480114465, '6': 1.2446702501379614e-09, '0': 0.11967310480114465}
 Cells absent at timepoint  3   {194, 259, 101, 136, 105, 264, 265, 238, 336, 220, 350}
 Missing cell prob  {'0': 0.004441966094734781, '8': 0.004441966094734781, '7': 7.776055778811557e-20, '4': 4.619904413297221e-11, '5': 2.089893960003693e-09}
 Missing cell prob  {'0': 8.14467530777227e-06, '8': 8.14467530777227e-06, '7': 1.0570785971783034e-20, '4': 5.234351700265749e-13, '5': 2.841006081144328e-10}
 Missing cell prob  {'0': 0.001226746002134089, '8': 0.001226746002134089, '7': 1.5308421259460532e-10, '4': 1.2758875570823973e-11, '5': 2.2037707270447106e-08}
 Missing cell prob  {'0': 0.15429710545365896, '8': 0.15429710545365896, '7': 7.646347480186639e-15, '4': 1.8040482587847453e-12, '5': 2.7718488071285106e-06}
 Missing cell prob  {'0': 0.15082053999377934, '8': 0.15082053999377934, '7': 8.967569377042675e-14, '4': 2.1157720025287625e-11, '5': 4.384710016229991e-07}
 Missing cell prob  {'0': 0.12243169048612744, '8': 0.12243169048612744, '7': 1.5890126338829164e-16, '4': 3.74905205756287e-14, '5': 3.5593789784908255e-07}
 Missing cell prob  {'0': 0.14742230722433672, '8': 0.14742230722433672, '7': 1.9133600766721684e-16, '4': 2.068100208276076e-11, '5': 4.285915347663823e-07}
 Missing cell prob  {'0': 6.9607933315808325e-06, '8': 0.0002657795040652468, '7': 5.3674235398009695e-12, '4': 0.00026577950406524663, '5': 2.0236673494968436e-11}
 Missing cell prob  {'0': 3.824834236735134e-05, '8': 3.824834236735134e-05, '7': 2.1865988797950017e-09, '4': 5.158972845501079e-07, '5': 1.1119698277783419e-10}
 Missing cell prob  {'0': 0.005288054874684261, '8': 0.005288054874684261, '7': 6.863244288447974e-18, '4': 4.583905980284279e-12, '5': 2.4879690000043954e-09}
 Missing cell prob  {'0': 0.029726728684309214, '8': 0.029726728684309214, '7': 9.102794619269807e-15, '4': 1.5922756035169855e-10, '5': 3.2998200084863213e-06}
 Timepoint  2
 Timepoint  3
 After reassigning and merging cells 
 Timepoint  2
 Cluster  6  # of cells  1
 Cluster  8  # of cells  46
 Cluster  0  # of cells  53
 Timepoint  3
 Cluster  5  # of cells  173
 Cluster  4  # of cells  1
 Cluster  7  # of cells  1
 Cluster  8  # of cells  55
 Cluster  0  # of cells  270
 Tp cluster cell dict  {'6_2': 1, '8_2': 46, '0_2': 53, '5_3': 173, '4_3': 1, '7_3': 1, '8_3': 55, '0_3': 270}
 New Graph is here 
 ID  0  Timepoint  1  Mutations  []  Type  subclone
 ID  1  Timepoint  2  Mutations  [0, 4, 5, 6, 7, 8, 9, 10, 11, 21, 24, 29, 32]  Type  subclone
 ID  2  Timepoint  2  Mutations  [0, 1, 2, 3, 4, 5, 6, 7, 8, 9, 10, 11]  Type  subclone
 ID  3  Timepoint  2  Mutations  [0, 1, 2, 3, 4, 5, 6, 7, 8, 9, 10, 11, 21, 22]  Type  subclone
 ID  4  Timepoint  3  Mutations  [0, 1, 2, 3, 4, 5, 6, 7, 8, 9, 10, 11, 23, 24, 25, 26, 27, 28, 29, 30, 31, 32]  Type  subclone
 ID  5  Timepoint  3  Mutations  [0, 3, 5, 6, 9, 10, 11, 17, 23, 26, 27]  Type  subclone
 ID  6  Timepoint  3  Mutations  [3, 4, 7, 9, 10, 11, 13, 14, 17, 21, 24, 25, 26, 27, 30, 31]  Type  subclone
 ID  7  Timepoint  3  Mutations  [0, 1, 2, 3, 4, 5, 6, 7, 8, 9, 10, 11]  Type  subclone
 ID  8  Timepoint  3  Mutations  [0, 1, 2, 3, 4, 5, 6, 7, 8, 9, 10, 11, 21, 22]  Type  subclone
Timepoints  SortedDict({1: [0], 2: [1, 2, 3], 3: [4, 5, 6, 7, 8]})
 Clone to nodes  {'6_2': 1, '8_2': 2, '0_2': 3, '5_3': 4, '4_3': 5, '7_3': 6, '8_3': 7, '0_3': 8}
 Timepoint ====  1
 Hash table  {'0,1,2': [0, 4, 5, 6, 7, 8, 9, 10, 11], '0,2': [21], '0': [24, 29, 32], '1,2': [1, 2, 3], '2': [22]}
 Final possible usc  [[0, 4, 5, 6, 7, 8, 9, 10, 11], [21], [24, 29, 32], [1, 2, 3], [22]]
 Time  1  USC keys  {'24,29,32_0', '21_0', '22_0', '0,4,5,6,7,8,9,10,11_0', '1,2,3_0'}
 USC children  {'0,4,5,6,7,8,9,10,11_0': [1, 2, 3], '21_0': [1, 3], '24,29,32_0': [1], '1,2,3_0': [2, 3], '22_0': [3]}
 USC children  {'0,4,5,6,7,8,9,10,11_0': [1, 2, 3], '21_0': [1, 3], '24,29,32_0': [1], '1,2,3_0': [2, 3], '22_0': [3]}
 Timepoint ====  2
 Hash table  {'0,1': [0, 5, 6, 23], '0': [1, 2, 8, 28, 29, 32], '0,1,2': [3, 9, 10, 11, 26, 27], '0,2': [4, 7, 24, 25, 30, 31], '1,2': [17], '2': [13, 14, 21]}
====== Inside find superset of t nodes ==========
 Final possible usc  []
 Time  2  USC keys  set()
 USC children  {'0,4,5,6,7,8,9,10,11_0': [1, 2, 3], '21_0': [1, 3], '24,29,32_0': [1], '1,2,3_0': [2, 3], '22_0': [3]}
 USC children  {'0,4,5,6,7,8,9,10,11_0': [1, 2, 3], '21_0': [1, 3], '24,29,32_0': [1], '1,2,3_0': [2, 3], '22_0': [3]}
 Node s  {'1,2,3': ['0', '4', '5', '6', '7', '8', '9', '10', '11']}
 Enroll USC nodes  ['1', '2', '3']  len  3
 Node TP  SortedDict({1: [0], 2: [1, 2, 3], 3: [4, 5, 6, 7, 8]})
 Unobserved subclones at timepoints  {1.5: [9]}
 ============== Inside finding node v ============ 
 Time  2
 Time  3
 largest_v_mut  [[0, 1, 2, 3, 4, 5, 6, 7, 8, 9, 10, 11]]
 largest_v_mut  []
 largest_v_mut  []
 Sorted all timepoints  [1, 1.5, 2, 3]
 Timepoint  2
 Inside usc_node check  2
 Timepoint  3
 Node  5  has no parent 
 USC nodes  []
 Node with minimum mutation sets  {1: 7, 2: 5, 3: 7}
 Node  6  has no parent 
 USC nodes  []
 Node with minimum mutation sets  {1: 6, 2: 6, 3: 7}
0   1   [-1]   subclone   []   []
1   2   [9]   subclone   [0, 4, 5, 6, 7, 8, 9, 10, 11, 21, 24, 29, 32]   [4]
2   2   [9]   subclone   [0, 1, 2, 3, 4, 5, 6, 7, 8, 9, 10, 11]   [3]
3   2   [9]   subclone   [0, 1, 2, 3, 4, 5, 6, 7, 8, 9, 10, 11, 21, 22]   [5]
4   3   [2]   subclone   [0, 1, 2, 3, 4, 5, 6, 7, 8, 9, 10, 11, 23, 24, 25, 26, 27, 28, 29, 30, 31, 32]   [10]
5   3   [2]   subclone   [0, 3, 5, 6, 9, 10, 11, 17, 23, 26, 27]   [4]
6   3   [1]   subclone   [3, 4, 7, 9, 10, 11, 13, 14, 17, 21, 24, 25, 26, 27, 30, 31]   [9]
7   3   [2]   subclone   [0, 1, 2, 3, 4, 5, 6, 7, 8, 9, 10, 11]   [0]
8   3   [3]   subclone   [0, 1, 2, 3, 4, 5, 6, 7, 8, 9, 10, 11, 21, 22]   [0]
9   1.5   [0]   unobserved subclone   [0, 4, 5, 6, 7, 8, 9, 10, 11]   [9]
 No. of Cells in each cluster  {'6_2': 1, '5_2': 1, '5_3': 173, '4_3': 1, '7_3': 1, '8_2': 40, '8_3': 54, '0_2': 58, '0_3': 271}
 Cells in each cluster  {'6_2': [26], '5_2': [83], '5_3': [395, 427, 428, 429, 430, 431, 432, 433, 434, 435, 436, 437, 438, 439, 440, 441, 442, 443, 444, 445, 446, 447, 448, 449, 450, 451, 452, 453, 454, 455, 456, 457, 458, 459, 460, 461, 462, 463, 464, 465, 466, 467, 468, 469, 470, 471, 472, 473, 474, 475, 476, 477, 478, 479, 480, 481, 482, 483, 484, 485, 486, 487, 488, 489, 490, 491, 492, 493, 494, 495, 496, 497, 498, 499, 500, 501, 502, 503, 504, 505, 506, 507, 508, 509, 510, 511, 512, 513, 514, 515, 516, 517, 518, 519, 521, 522, 523, 524, 525, 526, 527, 528, 529, 530, 531, 532, 533, 534, 535, 536, 537, 538, 539, 540, 541, 542, 543, 544, 545, 546, 547, 548, 549, 550, 551, 552, 553, 554, 555, 556, 557, 558, 559, 560, 561, 562, 563, 564, 565, 566, 567, 568, 569, 570, 571, 572, 573, 574, 575, 576, 577, 578, 579, 580, 581, 582, 583, 584, 585, 586, 587, 588, 589, 590, 591, 592, 593, 594, 595, 596, 597, 598, 599], '4_3': [146], '7_3': [520], '8_2': [0, 2, 3, 5, 6, 7, 8, 9, 10, 11, 12, 13, 14, 15, 16, 17, 18, 19, 20, 21, 22, 23, 24, 25, 27, 30, 32, 33, 34, 35, 36, 37, 38, 39, 40, 42, 57, 80, 99, 31], '8_3': [125, 129, 137, 142, 206, 233, 238, 244, 249, 257, 269, 273, 290, 312, 316, 326, 332, 340, 356, 371, 377, 379, 383, 389, 390, 396, 397, 398, 399, 400, 401, 402, 403, 404, 405, 408, 409, 410, 411, 412, 414, 415, 416, 417, 418, 419, 420, 422, 423, 424, 425, 426, 406, 407], '0_2': [4, 69, 59, 92, 1, 28, 29, 41, 43, 44, 45, 46, 47, 48, 49, 50, 51, 52, 53, 54, 55, 56, 58, 60, 61, 62, 63, 64, 65, 66, 67, 68, 70, 71, 72, 73, 74, 75, 76, 77, 78, 79, 81, 82, 84, 85, 86, 87, 88, 89, 90, 91, 93, 94, 95, 96, 97, 98], '0_3': [135, 156, 165, 183, 282, 328, 336, 376, 117, 154, 155, 243, 283, 384, 387, 421, 100, 101, 102, 103, 104, 105, 106, 107, 108, 109, 110, 111, 112, 113, 114, 115, 116, 118, 119, 120, 121, 122, 123, 124, 126, 127, 128, 130, 131, 132, 133, 134, 136, 138, 139, 140, 141, 143, 144, 145, 147, 148, 149, 150, 151, 152, 153, 157, 158, 159, 160, 161, 162, 163, 164, 166, 167, 168, 169, 170, 171, 172, 173, 174, 175, 176, 177, 178, 179, 180, 181, 182, 184, 185, 186, 187, 188, 189, 190, 191, 192, 193, 194, 195, 196, 197, 198, 199, 200, 201, 202, 203, 204, 205, 207, 208, 209, 210, 211, 212, 213, 214, 215, 216, 217, 218, 219, 220, 221, 222, 223, 224, 225, 226, 227, 228, 229, 230, 231, 232, 234, 235, 236, 237, 239, 240, 241, 242, 245, 246, 247, 248, 250, 251, 252, 253, 254, 255, 256, 258, 259, 260, 261, 262, 263, 264, 265, 266, 267, 268, 270, 271, 272, 274, 275, 276, 277, 278, 279, 280, 281, 284, 285, 286, 287, 288, 289, 291, 292, 293, 294, 295, 296, 297, 298, 299, 300, 301, 302, 303, 304, 305, 306, 307, 308, 309, 310, 311, 313, 314, 315, 317, 318, 319, 320, 321, 322, 323, 324, 325, 327, 329, 330, 331, 333, 334, 335, 337, 338, 339, 341, 342, 343, 344, 345, 346, 347, 348, 349, 350, 351, 352, 353, 354, 355, 357, 358, 359, 360, 361, 362, 363, 364, 365, 366, 367, 368, 369, 370, 372, 373, 374, 375, 378, 380, 381, 382, 385, 386, 388, 391, 392, 393, 394, 413]}
FP rate  0.01133 FN rate  0.16
 Before reassigning cells 
 Timepoint  2
 Cluster  6  # of cells  1
 Cluster  8  # of cells  42
 Cluster  0  # of cells  53
 Timepoint  3
 Cluster  5  # of cells  173
 Cluster  4  # of cells  1
 Cluster  7  # of cells  1
 Cluster  8  # of cells  54
 Cluster  0  # of cells  260
 Cells absent at timepoint  2   {1, 28, 29, 47}
 Missing cell prob  {'0': 0.006367446592132027, '8': 0.006367446592132027, '6': 2.249330062274244e-06}
 Missing cell prob  {'0': 0.0011991054137606041, '8': 0.0011991054137606041, '6': 2.617439270343977e-06}
 Missing cell prob  {'0': 3.069709859227147e-05, '8': 3.069709859227147e-05, '6': 1.0843892553965362e-08}
 Missing cell prob  {'0': 0.11967310480114465, '8': 0.11967310480114465, '6': 1.2446702501379614e-09}
 Cells absent at timepoint  3   {194, 259, 101, 136, 105, 264, 265, 238, 336, 220, 350}
 Missing cell prob  {'5': 2.089893960003693e-09, '4': 4.619904413297221e-11, '0': 0.004441966094734781, '8': 0.004441966094734781, '7': 7.776055778811557e-20}
 Missing cell prob  {'5': 2.841006081144328e-10, '4': 5.234351700265749e-13, '0': 8.14467530777227e-06, '8': 8.14467530777227e-06, '7': 1.0570785971783034e-20}
 Missing cell prob  {'5': 2.2037707270447106e-08, '4': 1.2758875570823973e-11, '0': 0.001226746002134089, '8': 0.001226746002134089, '7': 1.5308421259460532e-10}
 Missing cell prob  {'5': 2.7718488071285106e-06, '4': 1.8040482587847453e-12, '0': 0.15429710545365896, '8': 0.15429710545365896, '7': 7.646347480186639e-15}
 Missing cell prob  {'5': 4.384710016229991e-07, '4': 2.1157720025287625e-11, '0': 0.15082053999377934, '8': 0.15082053999377934, '7': 8.967569377042675e-14}
 Missing cell prob  {'5': 3.5593789784908255e-07, '4': 3.74905205756287e-14, '0': 0.12243169048612744, '8': 0.12243169048612744, '7': 1.5890126338829164e-16}
 Missing cell prob  {'5': 4.285915347663823e-07, '4': 2.068100208276076e-11, '0': 0.14742230722433672, '8': 0.14742230722433672, '7': 1.9133600766721684e-16}
 Missing cell prob  {'5': 2.0236673494968436e-11, '4': 0.00026577950406524663, '0': 6.9607933315808325e-06, '8': 0.0002657795040652468, '7': 5.3674235398009695e-12}
 Missing cell prob  {'5': 1.1119698277783419e-10, '4': 5.158972845501079e-07, '0': 3.824834236735134e-05, '8': 3.824834236735134e-05, '7': 2.1865988797950017e-09}
 Missing cell prob  {'5': 2.4879690000043954e-09, '4': 4.583905980284279e-12, '0': 0.005288054874684261, '8': 0.005288054874684261, '7': 6.863244288447974e-18}
 Missing cell prob  {'5': 3.2998200084863213e-06, '4': 1.5922756035169855e-10, '0': 0.029726728684309214, '8': 0.029726728684309214, '7': 9.102794619269807e-15}
 Timepoint  2
 Timepoint  3
 After reassigning and merging cells 
 Timepoint  2
 Cluster  6  # of cells  1
 Cluster  8  # of cells  42
 Cluster  0  # of cells  57
 Timepoint  3
 Cluster  5  # of cells  173
 Cluster  4  # of cells  1
 Cluster  7  # of cells  1
 Cluster  8  # of cells  55
 Cluster  0  # of cells  270
 Tp cluster cell dict  {'6_2': 1, '8_2': 42, '0_2': 57, '5_3': 173, '4_3': 1, '7_3': 1, '8_3': 55, '0_3': 270}
 New Graph is here 
 ID  0  Timepoint  1  Mutations  []  Type  subclone
 ID  1  Timepoint  2  Mutations  [0, 4, 5, 6, 7, 8, 9, 10, 11, 21, 24, 29, 32]  Type  subclone
 ID  2  Timepoint  2  Mutations  [0, 1, 2, 3, 4, 5, 6, 7, 8, 9, 10, 11]  Type  subclone
 ID  3  Timepoint  2  Mutations  [0, 1, 2, 3, 4, 5, 6, 7, 8, 9, 10, 11, 21, 22]  Type  subclone
 ID  4  Timepoint  3  Mutations  [0, 1, 2, 3, 4, 5, 6, 7, 8, 9, 10, 11, 23, 24, 25, 26, 27, 28, 29, 30, 31, 32]  Type  subclone
 ID  5  Timepoint  3  Mutations  [0, 3, 5, 6, 9, 10, 11, 17, 23, 26, 27]  Type  subclone
 ID  6  Timepoint  3  Mutations  [3, 4, 7, 9, 10, 11, 13, 14, 17, 21, 24, 25, 26, 27, 30, 31]  Type  subclone
 ID  7  Timepoint  3  Mutations  [0, 1, 2, 3, 4, 5, 6, 7, 8, 9, 10, 11]  Type  subclone
 ID  8  Timepoint  3  Mutations  [0, 1, 2, 3, 4, 5, 6, 7, 8, 9, 10, 11, 21, 22]  Type  subclone
Timepoints  SortedDict({1: [0], 2: [1, 2, 3], 3: [4, 5, 6, 7, 8]})
 Clone to nodes  {'6_2': 1, '8_2': 2, '0_2': 3, '5_3': 4, '4_3': 5, '7_3': 6, '8_3': 7, '0_3': 8}
 Timepoint ====  1
 Hash table  {'0,1,2': [0, 4, 5, 6, 7, 8, 9, 10, 11], '0,2': [21], '0': [24, 29, 32], '1,2': [1, 2, 3], '2': [22]}
 Final possible usc  [[0, 4, 5, 6, 7, 8, 9, 10, 11], [21], [24, 29, 32], [1, 2, 3], [22]]
 Time  1  USC keys  {'21_0', '0,4,5,6,7,8,9,10,11_0', '22_0', '1,2,3_0', '24,29,32_0'}
 USC children  {'0,4,5,6,7,8,9,10,11_0': [1, 2, 3], '21_0': [1, 3], '24,29,32_0': [1], '1,2,3_0': [2, 3], '22_0': [3]}
 USC children  {'0,4,5,6,7,8,9,10,11_0': [1, 2, 3], '21_0': [1, 3], '24,29,32_0': [1], '1,2,3_0': [2, 3], '22_0': [3]}
 Timepoint ====  2
 Hash table  {'0,1': [0, 5, 6, 23], '0': [1, 2, 8, 28, 29, 32], '0,1,2': [3, 9, 10, 11, 26, 27], '0,2': [4, 7, 24, 25, 30, 31], '1,2': [17], '2': [13, 14, 21]}
====== Inside find superset of t nodes ==========
 Final possible usc  []
 Time  2  USC keys  set()
 USC children  {'0,4,5,6,7,8,9,10,11_0': [1, 2, 3], '21_0': [1, 3], '24,29,32_0': [1], '1,2,3_0': [2, 3], '22_0': [3]}
 USC children  {'0,4,5,6,7,8,9,10,11_0': [1, 2, 3], '21_0': [1, 3], '24,29,32_0': [1], '1,2,3_0': [2, 3], '22_0': [3]}
 Node s  {'1,2,3': ['0', '4', '5', '6', '7', '8', '9', '10', '11']}
 Enroll USC nodes  ['1', '2', '3']  len  3
 Node TP  SortedDict({1: [0], 2: [1, 2, 3], 3: [4, 5, 6, 7, 8]})
 Unobserved subclones at timepoints  {1.5: [9]}
 ============== Inside finding node v ============ 
 Time  2
 Time  3
 largest_v_mut  [[0, 1, 2, 3, 4, 5, 6, 7, 8, 9, 10, 11]]
 largest_v_mut  []
 largest_v_mut  []
 Sorted all timepoints  [1, 1.5, 2, 3]
 Timepoint  2
 Inside usc_node check  2
 Timepoint  3
 Node  5  has no parent 
 USC nodes  []
 Node with minimum mutation sets  {1: 7, 2: 5, 3: 7}
 Node  6  has no parent 
 USC nodes  []
 Node with minimum mutation sets  {1: 6, 2: 6, 3: 7}
0   1   [-1]   subclone   []   []
1   2   [9]   subclone   [0, 4, 5, 6, 7, 8, 9, 10, 11, 21, 24, 29, 32]   [4]
2   2   [9]   subclone   [0, 1, 2, 3, 4, 5, 6, 7, 8, 9, 10, 11]   [3]
3   2   [9]   subclone   [0, 1, 2, 3, 4, 5, 6, 7, 8, 9, 10, 11, 21, 22]   [5]
4   3   [2]   subclone   [0, 1, 2, 3, 4, 5, 6, 7, 8, 9, 10, 11, 23, 24, 25, 26, 27, 28, 29, 30, 31, 32]   [10]
5   3   [2]   subclone   [0, 3, 5, 6, 9, 10, 11, 17, 23, 26, 27]   [4]
6   3   [1]   subclone   [3, 4, 7, 9, 10, 11, 13, 14, 17, 21, 24, 25, 26, 27, 30, 31]   [9]
7   3   [2]   subclone   [0, 1, 2, 3, 4, 5, 6, 7, 8, 9, 10, 11]   [0]
8   3   [3]   subclone   [0, 1, 2, 3, 4, 5, 6, 7, 8, 9, 10, 11, 21, 22]   [0]
9   1.5   [0]   unobserved subclone   [0, 4, 5, 6, 7, 8, 9, 10, 11]   [9]
