7
 Total estimated FP  71  True negatives  8076
 Total estimated FN  1499  True positives  6194
 Estimated FP rate  0.01133
 Estimated FN rate  0.16
 No. of Cells in each cluster  {'1_2': 41, '1_3': 54, '6_2': 1, '5_2': 1, '5_3': 173, '4_3': 1, '3_3': 1, '2_2': 57, '2_3': 271}
 Cells in each cluster  {'1_2': [0, 2, 3, 4, 5, 6, 7, 8, 9, 10, 11, 12, 13, 14, 15, 16, 17, 18, 19, 20, 21, 22, 23, 24, 25, 27, 30, 31, 32, 33, 34, 35, 36, 37, 38, 39, 40, 42, 57, 80, 99], '1_3': [125, 129, 137, 142, 206, 233, 238, 244, 249, 257, 269, 273, 290, 312, 316, 326, 332, 340, 356, 371, 377, 379, 383, 389, 390, 396, 397, 398, 399, 400, 401, 402, 403, 404, 405, 406, 407, 408, 409, 410, 411, 412, 414, 415, 416, 417, 418, 419, 420, 422, 423, 424, 425, 426], '6_2': [26], '5_2': [83], '5_3': [395, 427, 428, 429, 430, 431, 432, 433, 434, 435, 436, 437, 438, 439, 440, 441, 442, 443, 444, 445, 446, 447, 448, 449, 450, 451, 452, 453, 454, 455, 456, 457, 458, 459, 460, 461, 462, 463, 464, 465, 466, 467, 468, 469, 470, 471, 472, 473, 474, 475, 476, 477, 478, 479, 480, 481, 482, 483, 484, 485, 486, 487, 488, 489, 490, 491, 492, 493, 494, 495, 496, 497, 498, 499, 500, 501, 502, 503, 504, 505, 506, 507, 508, 509, 510, 511, 512, 513, 514, 515, 516, 517, 518, 519, 521, 522, 523, 524, 525, 526, 527, 528, 529, 530, 531, 532, 533, 534, 535, 536, 537, 538, 539, 540, 541, 542, 543, 544, 545, 546, 547, 548, 549, 550, 551, 552, 553, 554, 555, 556, 557, 558, 559, 560, 561, 562, 563, 564, 565, 566, 567, 568, 569, 570, 571, 572, 573, 574, 575, 576, 577, 578, 579, 580, 581, 582, 583, 584, 585, 586, 587, 588, 589, 590, 591, 592, 593, 594, 595, 596, 597, 598, 599], '4_3': [146], '3_3': [520], '2_2': [1, 28, 29, 41, 43, 44, 45, 46, 47, 48, 49, 50, 51, 52, 53, 54, 55, 56, 58, 60, 61, 62, 63, 64, 65, 66, 67, 68, 69, 70, 71, 72, 73, 74, 75, 76, 77, 78, 79, 81, 82, 84, 85, 86, 87, 88, 89, 90, 91, 93, 94, 95, 96, 97, 98, 59, 92], '2_3': [100, 101, 102, 103, 104, 105, 106, 107, 108, 109, 110, 111, 112, 113, 114, 115, 116, 118, 119, 120, 121, 122, 123, 124, 126, 127, 128, 130, 131, 132, 133, 134, 135, 136, 138, 139, 140, 141, 143, 144, 145, 147, 148, 149, 150, 151, 152, 153, 156, 157, 158, 159, 160, 161, 162, 163, 164, 165, 166, 167, 168, 169, 170, 171, 172, 173, 174, 175, 176, 177, 178, 179, 180, 181, 182, 183, 184, 185, 186, 187, 188, 189, 190, 191, 192, 193, 194, 195, 196, 197, 198, 199, 200, 201, 202, 203, 204, 205, 207, 208, 209, 210, 211, 212, 213, 214, 215, 216, 217, 218, 219, 220, 221, 222, 223, 224, 225, 226, 227, 228, 229, 230, 231, 232, 234, 235, 236, 237, 239, 240, 241, 242, 245, 246, 247, 248, 250, 251, 252, 253, 254, 255, 256, 258, 259, 260, 261, 262, 263, 264, 265, 266, 267, 268, 270, 271, 272, 274, 275, 276, 277, 278, 279, 280, 281, 282, 284, 285, 286, 287, 288, 289, 291, 292, 293, 294, 295, 296, 297, 298, 299, 300, 301, 302, 303, 304, 305, 306, 307, 308, 309, 310, 311, 313, 314, 315, 317, 318, 319, 320, 321, 322, 323, 324, 325, 327, 328, 329, 330, 331, 333, 334, 335, 336, 337, 338, 339, 341, 342, 343, 344, 345, 346, 347, 348, 349, 350, 351, 352, 353, 354, 355, 357, 358, 359, 360, 361, 362, 363, 364, 365, 366, 367, 368, 369, 370, 372, 373, 374, 375, 376, 378, 380, 381, 382, 385, 386, 388, 391, 392, 393, 394, 413, 117, 154, 155, 243, 283, 384, 387, 421]}
FP rate  0.01133 FN rate  0.16
 Before reassigning cells 
 Timepoint  2
 Cluster  1  # of cells  42
 Cluster  6  # of cells  2
 Cluster  2  # of cells  52
 Timepoint  3
 Cluster  1  # of cells  55
 Cluster  5  # of cells  173
 Cluster  4  # of cells  1
 Cluster  3  # of cells  1
 Cluster  2  # of cells  260
 Cells absent at timepoint  2   {1, 28, 29, 47}
 Missing cell prob  {'2': 0.006367446592132027, '1': 0.006367446592132027, '6': 3.033917810186568e-08}
 Missing cell prob  {'2': 0.0011991054137606041, '1': 0.0011991054137606041, '6': 4.76187358207e-10}
 Missing cell prob  {'2': 3.069709859227147e-05, '1': 3.069709859227147e-05, '6': 5.584683644389792e-09}
 Missing cell prob  {'2': 0.11967310480114465, '1': 0.11967310480114465, '6': 1.6788230873884655e-11}
 Cells absent at timepoint  3   {194, 259, 101, 136, 105, 264, 265, 336, 220, 350}
 Missing cell prob  {'2': 0.004441966094734781, '1': 0.004441966094734781, '5': 2.089893960003693e-09, '3': 4.804970666773514e-19, '4': 3.850481023438795e-12}
 Missing cell prob  {'2': 8.14467530777227e-06, '1': 8.14467530777227e-06, '5': 2.841006081144328e-10, '3': 6.531886854201709e-20, '4': 4.362594999556152e-14}
 Missing cell prob  {'2': 0.001226746002134089, '1': 0.001226746002134089, '5': 2.2037707270447106e-08, '3': 9.459360529119276e-10, '4': 2.785041380121263e-14}
 Missing cell prob  {'2': 0.15429710545365896, '1': 0.15429710545365896, '5': 2.7718488071285106e-06, '3': 1.0313466303632692e-16, '4': 2.028059872036572e-15}
 Missing cell prob  {'2': 0.15082053999377934, '1': 0.15082053999377934, '5': 4.384710016229991e-07, '3': 7.474062799500658e-15, '4': 3.849196777429343e-15}
 Missing cell prob  {'2': 0.12243169048612744, '1': 0.12243169048612744, '5': 3.5593789784908255e-07, '3': 1.3243700400294496e-17, '4': 6.8206021637199884e-18}
 Missing cell prob  {'2': 0.14742230722433672, '1': 0.14742230722433672, '5': 4.285915347663823e-07, '3': 2.1509451165511457e-19, '4': 3.762468095608996e-15}
 Missing cell prob  {'2': 3.824834236735134e-05, '1': 3.824834236735134e-05, '5': 1.1119698277783419e-10, '3': 2.458112427291493e-12, '4': 9.385652909677485e-11}
 Missing cell prob  {'2': 0.005288054874684261, '1': 0.005288054874684261, '5': 2.4879690000043954e-09, '3': 2.620548515621673e-16, '4': 3.8204779604336573e-13}
 Missing cell prob  {'2': 0.029726728684309214, '1': 0.029726728684309214, '5': 3.2998200084863213e-06, '3': 9.102794619269807e-15, '4': 3.4756616441130285e-13}
 Timepoint  2
 Timepoint  3
 After reassigning and merging cells 
 Timepoint  2
 Cluster  1  # of cells  42
 Cluster  6  # of cells  2
 Cluster  2  # of cells  56
 Timepoint  3
 Cluster  1  # of cells  55
 Cluster  5  # of cells  173
 Cluster  4  # of cells  1
 Cluster  3  # of cells  1
 Cluster  2  # of cells  270
 New Graph is here 
 ID  0  Timepoint  1  Mutations  []  Type  subclone
 ID  1  Timepoint  2  Mutations  [0, 1, 2, 3, 4, 5, 6, 7, 8, 9, 10, 11]  Type  subclone
 ID  2  Timepoint  2  Mutations  [0, 1, 2, 3, 4, 5, 6, 7, 8, 9, 10, 11, 21, 22, 23, 24, 29]  Type  subclone
 ID  3  Timepoint  2  Mutations  [0, 1, 2, 3, 4, 5, 6, 7, 8, 9, 10, 11, 21, 22]  Type  subclone
 ID  4  Timepoint  3  Mutations  [0, 1, 2, 3, 4, 5, 6, 7, 8, 9, 10, 11]  Type  subclone
 ID  5  Timepoint  3  Mutations  [0, 1, 2, 3, 4, 5, 6, 7, 8, 9, 10, 11, 23, 24, 25, 26, 27, 28, 29, 30, 31, 32]  Type  subclone
 ID  6  Timepoint  3  Mutations  [0, 5, 6, 9, 10, 17, 23, 27, 30]  Type  subclone
 ID  7  Timepoint  3  Mutations  [3, 7, 8, 9, 10, 14, 17, 21, 24, 25, 26, 27, 30, 31]  Type  subclone
 ID  8  Timepoint  3  Mutations  [0, 1, 2, 3, 4, 5, 6, 7, 8, 9, 10, 11, 21, 22]  Type  subclone
Timepoints  SortedDict({1: [0], 2: [1, 2, 3], 3: [4, 5, 6, 7, 8]})
 Clone to nodes  {'1_2': 1, '6_2': 2, '2_2': 3, '1_3': 4, '5_3': 5, '4_3': 6, '3_3': 7, '2_3': 8}
 Timepoint ====  1
 Hash table  {'0,1,2': [0, 1, 2, 3, 4, 5, 6, 7, 8, 9, 10, 11], '1,2': [21, 22], '1': [23, 24, 29]}
 Final possible usc  [[0, 1, 2, 3, 4, 5, 6, 7, 8, 9, 10, 11], [21, 22], [23, 24, 29]]
 Time  1  USC keys  {'0,1,2,3,4,5,6,7,8,9,10,11_0', '21,22_0', '23,24,29_0'}
 USC children  {'0,1,2,3,4,5,6,7,8,9,10,11_0': [1, 2, 3], '21,22_0': [2, 3], '23,24,29_0': [2]}
 USC children  {'0,1,2,3,4,5,6,7,8,9,10,11_0': [1, 2, 3], '21,22_0': [2, 3], '23,24,29_0': [2]}
 Timepoint ====  2
 Hash table  {'0,1': [0, 5, 6, 23], '0': [1, 2, 4, 11, 28, 29, 32], '0,2': [3, 7, 8, 24, 25, 26, 31], '0,1,2': [9, 10, 27, 30], '1,2': [17], '2': [14, 21]}
====== Inside find superset of t nodes ==========
 Final possible usc  []
 Time  2  USC keys  set()
 USC children  {'0,1,2,3,4,5,6,7,8,9,10,11_0': [1, 2, 3], '21,22_0': [2, 3], '23,24,29_0': [2]}
 USC children  {'0,1,2,3,4,5,6,7,8,9,10,11_0': [1, 2, 3], '21,22_0': [2, 3], '23,24,29_0': [2]}
 Node s  {'1,2,3': ['0', '1', '2', '3', '4', '5', '6', '7', '8', '9', '10', '11']}
 Enroll USC nodes  ['1', '2', '3']  len  3
 Node TP  SortedDict({1: [0], 2: [1, 2, 3], 3: [4, 5, 6, 7, 8]})
 Unobserved subclones at timepoints  {1.5: [9]}
 ============== Inside finding node v ============ 
 Time  2
 Time  3
 largest_v_mut  [[0, 1, 2, 3, 4, 5, 6, 7, 8, 9, 10, 11]]
 largest_v_mut  []
 largest_v_mut  []
 Sorted all timepoints  [1, 1.5, 2, 3]
 Timepoint  2
 Inside usc_node check  2
 Timepoint  3
 Node  6  has no parent 
 USC nodes  []
 Node with minimum mutation sets  {1: 7, 2: 11, 3: 9}
 Node  7  has no parent 
 USC nodes  []
 Node with minimum mutation sets  {1: 7, 2: 10, 3: 8}
0   1   [-1]   subclone   []   []
1   2   [9]   subclone   [0, 1, 2, 3, 4, 5, 6, 7, 8, 9, 10, 11]   [0]
2   2   [9]   subclone   [0, 1, 2, 3, 4, 5, 6, 7, 8, 9, 10, 11, 21, 22, 23, 24, 29]   [5]
3   2   [9]   subclone   [0, 1, 2, 3, 4, 5, 6, 7, 8, 9, 10, 11, 21, 22]   [2]
4   3   [1]   subclone   [0, 1, 2, 3, 4, 5, 6, 7, 8, 9, 10, 11]   [0]
5   3   [1]   subclone   [0, 1, 2, 3, 4, 5, 6, 7, 8, 9, 10, 11, 23, 24, 25, 26, 27, 28, 29, 30, 31, 32]   [10]
6   3   [1]   subclone   [0, 5, 6, 9, 10, 17, 23, 27, 30]   [4]
7   3   [1]   subclone   [3, 7, 8, 9, 10, 14, 17, 21, 24, 25, 26, 27, 30, 31]   [9]
8   3   [3]   subclone   [0, 1, 2, 3, 4, 5, 6, 7, 8, 9, 10, 11, 21, 22]   [0]
9   1.5   [0]   unobserved subclone   [0, 1, 2, 3, 4, 5, 6, 7, 8, 9, 10, 11]   [12]
 No. of Cells in each cluster  {'1_2': 41, '1_3': 54, '6_2': 1, '5_2': 1, '5_3': 173, '4_3': 1, '3_3': 1, '2_2': 57, '2_3': 271}
 Cells in each cluster  {'1_2': [0, 2, 3, 4, 5, 6, 7, 8, 9, 10, 11, 12, 13, 14, 15, 16, 17, 18, 19, 20, 21, 22, 23, 24, 25, 27, 30, 31, 32, 33, 34, 35, 36, 37, 38, 39, 40, 42, 57, 80, 99], '1_3': [125, 129, 137, 142, 206, 233, 238, 244, 249, 257, 269, 273, 290, 312, 316, 326, 332, 340, 356, 371, 377, 379, 383, 389, 390, 396, 397, 398, 399, 400, 401, 402, 403, 404, 405, 406, 407, 408, 409, 410, 411, 412, 414, 415, 416, 417, 418, 419, 420, 422, 423, 424, 425, 426], '6_2': [26], '5_2': [83], '5_3': [395, 427, 428, 429, 430, 431, 432, 433, 434, 435, 436, 437, 438, 439, 440, 441, 442, 443, 444, 445, 446, 447, 448, 449, 450, 451, 452, 453, 454, 455, 456, 457, 458, 459, 460, 461, 462, 463, 464, 465, 466, 467, 468, 469, 470, 471, 472, 473, 474, 475, 476, 477, 478, 479, 480, 481, 482, 483, 484, 485, 486, 487, 488, 489, 490, 491, 492, 493, 494, 495, 496, 497, 498, 499, 500, 501, 502, 503, 504, 505, 506, 507, 508, 509, 510, 511, 512, 513, 514, 515, 516, 517, 518, 519, 521, 522, 523, 524, 525, 526, 527, 528, 529, 530, 531, 532, 533, 534, 535, 536, 537, 538, 539, 540, 541, 542, 543, 544, 545, 546, 547, 548, 549, 550, 551, 552, 553, 554, 555, 556, 557, 558, 559, 560, 561, 562, 563, 564, 565, 566, 567, 568, 569, 570, 571, 572, 573, 574, 575, 576, 577, 578, 579, 580, 581, 582, 583, 584, 585, 586, 587, 588, 589, 590, 591, 592, 593, 594, 595, 596, 597, 598, 599], '4_3': [146], '3_3': [520], '2_2': [1, 28, 29, 41, 43, 44, 45, 46, 47, 48, 49, 50, 51, 52, 53, 54, 55, 56, 58, 60, 61, 62, 63, 64, 65, 66, 67, 68, 69, 70, 71, 72, 73, 74, 75, 76, 77, 78, 79, 81, 82, 84, 85, 86, 87, 88, 89, 90, 91, 93, 94, 95, 96, 97, 98, 59, 92], '2_3': [100, 101, 102, 103, 104, 105, 106, 107, 108, 109, 110, 111, 112, 113, 114, 115, 116, 118, 119, 120, 121, 122, 123, 124, 126, 127, 128, 130, 131, 132, 133, 134, 135, 136, 138, 139, 140, 141, 143, 144, 145, 147, 148, 149, 150, 151, 152, 153, 156, 157, 158, 159, 160, 161, 162, 163, 164, 165, 166, 167, 168, 169, 170, 171, 172, 173, 174, 175, 176, 177, 178, 179, 180, 181, 182, 183, 184, 185, 186, 187, 188, 189, 190, 191, 192, 193, 194, 195, 196, 197, 198, 199, 200, 201, 202, 203, 204, 205, 207, 208, 209, 210, 211, 212, 213, 214, 215, 216, 217, 218, 219, 220, 221, 222, 223, 224, 225, 226, 227, 228, 229, 230, 231, 232, 234, 235, 236, 237, 239, 240, 241, 242, 245, 246, 247, 248, 250, 251, 252, 253, 254, 255, 256, 258, 259, 260, 261, 262, 263, 264, 265, 266, 267, 268, 270, 271, 272, 274, 275, 276, 277, 278, 279, 280, 281, 282, 284, 285, 286, 287, 288, 289, 291, 292, 293, 294, 295, 296, 297, 298, 299, 300, 301, 302, 303, 304, 305, 306, 307, 308, 309, 310, 311, 313, 314, 315, 317, 318, 319, 320, 321, 322, 323, 324, 325, 327, 328, 329, 330, 331, 333, 334, 335, 336, 337, 338, 339, 341, 342, 343, 344, 345, 346, 347, 348, 349, 350, 351, 352, 353, 354, 355, 357, 358, 359, 360, 361, 362, 363, 364, 365, 366, 367, 368, 369, 370, 372, 373, 374, 375, 376, 378, 380, 381, 382, 385, 386, 388, 391, 392, 393, 394, 413, 117, 154, 155, 243, 283, 384, 387, 421]}
FP rate  0.01133 FN rate  0.16
 Before reassigning cells 
 Timepoint  2
 Cluster  1  # of cells  42
 Cluster  6  # of cells  2
 Cluster  2  # of cells  52
 Timepoint  3
 Cluster  1  # of cells  55
 Cluster  5  # of cells  173
 Cluster  4  # of cells  1
 Cluster  3  # of cells  1
 Cluster  2  # of cells  260
 Cells absent at timepoint  2   {1, 28, 29, 47}
 Missing cell prob  {'6': 3.033917810186568e-08, '1': 0.006367446592132027, '2': 0.006367446592132027}
 Missing cell prob  {'6': 4.76187358207e-10, '1': 0.0011991054137606041, '2': 0.0011991054137606041}
 Missing cell prob  {'6': 5.584683644389792e-09, '1': 3.069709859227147e-05, '2': 3.069709859227147e-05}
 Missing cell prob  {'6': 1.6788230873884655e-11, '1': 0.11967310480114465, '2': 0.11967310480114465}
 Cells absent at timepoint  3   {194, 259, 101, 136, 105, 264, 265, 336, 220, 350}
 Missing cell prob  {'1': 0.004441966094734781, '4': 3.850481023438795e-12, '2': 0.004441966094734781, '5': 2.089893960003693e-09, '3': 4.804970666773514e-19}
 Missing cell prob  {'1': 8.14467530777227e-06, '4': 4.362594999556152e-14, '2': 8.14467530777227e-06, '5': 2.841006081144328e-10, '3': 6.531886854201709e-20}
 Missing cell prob  {'1': 0.001226746002134089, '4': 2.785041380121263e-14, '2': 0.001226746002134089, '5': 2.2037707270447106e-08, '3': 9.459360529119276e-10}
 Missing cell prob  {'1': 0.15429710545365896, '4': 2.028059872036572e-15, '2': 0.15429710545365896, '5': 2.7718488071285106e-06, '3': 1.0313466303632692e-16}
 Missing cell prob  {'1': 0.15082053999377934, '4': 3.849196777429343e-15, '2': 0.15082053999377934, '5': 4.384710016229991e-07, '3': 7.474062799500658e-15}
 Missing cell prob  {'1': 0.12243169048612744, '4': 6.8206021637199884e-18, '2': 0.12243169048612744, '5': 3.5593789784908255e-07, '3': 1.3243700400294496e-17}
 Missing cell prob  {'1': 0.14742230722433672, '4': 3.762468095608996e-15, '2': 0.14742230722433672, '5': 4.285915347663823e-07, '3': 2.1509451165511457e-19}
 Missing cell prob  {'1': 3.824834236735134e-05, '4': 9.385652909677485e-11, '2': 3.824834236735134e-05, '5': 1.1119698277783419e-10, '3': 2.458112427291493e-12}
 Missing cell prob  {'1': 0.005288054874684261, '4': 3.8204779604336573e-13, '2': 0.005288054874684261, '5': 2.4879690000043954e-09, '3': 2.620548515621673e-16}
 Missing cell prob  {'1': 0.029726728684309214, '4': 3.4756616441130285e-13, '2': 0.029726728684309214, '5': 3.2998200084863213e-06, '3': 9.102794619269807e-15}
 Timepoint  2
 Timepoint  3
 After reassigning and merging cells 
 Timepoint  2
 Cluster  1  # of cells  46
 Cluster  6  # of cells  2
 Cluster  2  # of cells  52
 Timepoint  3
 Cluster  1  # of cells  65
 Cluster  5  # of cells  173
 Cluster  4  # of cells  1
 Cluster  3  # of cells  1
 Cluster  2  # of cells  260
 Tp cluster cell dict  {'1_2': 46, '6_2': 2, '2_2': 52, '1_3': 65, '5_3': 173, '4_3': 1, '3_3': 1, '2_3': 260}
 New Graph is here 
 ID  0  Timepoint  1  Mutations  []  Type  subclone
 ID  1  Timepoint  2  Mutations  [0, 1, 2, 3, 4, 5, 6, 7, 8, 9, 10, 11]  Type  subclone
 ID  2  Timepoint  2  Mutations  [0, 1, 2, 3, 4, 5, 6, 7, 8, 9, 10, 11, 21, 22, 23, 24, 29]  Type  subclone
 ID  3  Timepoint  2  Mutations  [0, 1, 2, 3, 4, 5, 6, 7, 8, 9, 10, 11, 21, 22]  Type  subclone
 ID  4  Timepoint  3  Mutations  [0, 1, 2, 3, 4, 5, 6, 7, 8, 9, 10, 11]  Type  subclone
 ID  5  Timepoint  3  Mutations  [0, 1, 2, 3, 4, 5, 6, 7, 8, 9, 10, 11, 23, 24, 25, 26, 27, 28, 29, 30, 31, 32]  Type  subclone
 ID  6  Timepoint  3  Mutations  [0, 5, 6, 9, 10, 17, 23, 27, 30]  Type  subclone
 ID  7  Timepoint  3  Mutations  [3, 7, 8, 9, 10, 14, 17, 21, 24, 25, 26, 27, 30, 31]  Type  subclone
 ID  8  Timepoint  3  Mutations  [0, 1, 2, 3, 4, 5, 6, 7, 8, 9, 10, 11, 21, 22]  Type  subclone
Timepoints  SortedDict({1: [0], 2: [1, 2, 3], 3: [4, 5, 6, 7, 8]})
 Clone to nodes  {'1_2': 1, '6_2': 2, '2_2': 3, '1_3': 4, '5_3': 5, '4_3': 6, '3_3': 7, '2_3': 8}
 Timepoint ====  1
 Hash table  {'0,1,2': [0, 1, 2, 3, 4, 5, 6, 7, 8, 9, 10, 11], '1,2': [21, 22], '1': [23, 24, 29]}
 Final possible usc  [[0, 1, 2, 3, 4, 5, 6, 7, 8, 9, 10, 11], [21, 22], [23, 24, 29]]
 Time  1  USC keys  {'23,24,29_0', '0,1,2,3,4,5,6,7,8,9,10,11_0', '21,22_0'}
 USC children  {'0,1,2,3,4,5,6,7,8,9,10,11_0': [1, 2, 3], '21,22_0': [2, 3], '23,24,29_0': [2]}
 USC children  {'0,1,2,3,4,5,6,7,8,9,10,11_0': [1, 2, 3], '21,22_0': [2, 3], '23,24,29_0': [2]}
 Timepoint ====  2
 Hash table  {'0,1': [0, 5, 6, 23], '0': [1, 2, 4, 11, 28, 29, 32], '0,2': [3, 7, 8, 24, 25, 26, 31], '0,1,2': [9, 10, 27, 30], '1,2': [17], '2': [14, 21]}
====== Inside find superset of t nodes ==========
 Final possible usc  []
 Time  2  USC keys  set()
 USC children  {'0,1,2,3,4,5,6,7,8,9,10,11_0': [1, 2, 3], '21,22_0': [2, 3], '23,24,29_0': [2]}
 USC children  {'0,1,2,3,4,5,6,7,8,9,10,11_0': [1, 2, 3], '21,22_0': [2, 3], '23,24,29_0': [2]}
 Node s  {'1,2,3': ['0', '1', '2', '3', '4', '5', '6', '7', '8', '9', '10', '11']}
 Enroll USC nodes  ['1', '2', '3']  len  3
 Node TP  SortedDict({1: [0], 2: [1, 2, 3], 3: [4, 5, 6, 7, 8]})
 Unobserved subclones at timepoints  {1.5: [9]}
 ============== Inside finding node v ============ 
 Time  2
 Time  3
 largest_v_mut  [[0, 1, 2, 3, 4, 5, 6, 7, 8, 9, 10, 11]]
 largest_v_mut  []
 largest_v_mut  []
 Sorted all timepoints  [1, 1.5, 2, 3]
 Timepoint  2
 Inside usc_node check  2
 Timepoint  3
 Node  6  has no parent 
 USC nodes  []
 Node with minimum mutation sets  {1: 7, 2: 11, 3: 9}
 Node  7  has no parent 
 USC nodes  []
 Node with minimum mutation sets  {1: 7, 2: 10, 3: 8}
0   1   [-1]   subclone   []   []
1   2   [9]   subclone   [0, 1, 2, 3, 4, 5, 6, 7, 8, 9, 10, 11]   [0]
2   2   [9]   subclone   [0, 1, 2, 3, 4, 5, 6, 7, 8, 9, 10, 11, 21, 22, 23, 24, 29]   [5]
3   2   [9]   subclone   [0, 1, 2, 3, 4, 5, 6, 7, 8, 9, 10, 11, 21, 22]   [2]
4   3   [1]   subclone   [0, 1, 2, 3, 4, 5, 6, 7, 8, 9, 10, 11]   [0]
5   3   [1]   subclone   [0, 1, 2, 3, 4, 5, 6, 7, 8, 9, 10, 11, 23, 24, 25, 26, 27, 28, 29, 30, 31, 32]   [10]
6   3   [1]   subclone   [0, 5, 6, 9, 10, 17, 23, 27, 30]   [4]
7   3   [1]   subclone   [3, 7, 8, 9, 10, 14, 17, 21, 24, 25, 26, 27, 30, 31]   [9]
8   3   [3]   subclone   [0, 1, 2, 3, 4, 5, 6, 7, 8, 9, 10, 11, 21, 22]   [0]
9   1.5   [0]   unobserved subclone   [0, 1, 2, 3, 4, 5, 6, 7, 8, 9, 10, 11]   [12]
 No. of Cells in each cluster  {'1_2': 41, '1_3': 54, '6_2': 1, '5_2': 1, '5_3': 173, '4_3': 1, '3_3': 1, '2_2': 57, '2_3': 271}
 Cells in each cluster  {'1_2': [0, 2, 3, 4, 5, 6, 7, 8, 9, 10, 11, 12, 13, 14, 15, 16, 17, 18, 19, 20, 21, 22, 23, 24, 25, 27, 30, 31, 32, 33, 34, 35, 36, 37, 38, 39, 40, 42, 57, 80, 99], '1_3': [125, 129, 137, 142, 206, 233, 238, 244, 249, 257, 269, 273, 290, 312, 316, 326, 332, 340, 356, 371, 377, 379, 383, 389, 390, 396, 397, 398, 399, 400, 401, 402, 403, 404, 405, 406, 407, 408, 409, 410, 411, 412, 414, 415, 416, 417, 418, 419, 420, 422, 423, 424, 425, 426], '6_2': [26], '5_2': [83], '5_3': [395, 427, 428, 429, 430, 431, 432, 433, 434, 435, 436, 437, 438, 439, 440, 441, 442, 443, 444, 445, 446, 447, 448, 449, 450, 451, 452, 453, 454, 455, 456, 457, 458, 459, 460, 461, 462, 463, 464, 465, 466, 467, 468, 469, 470, 471, 472, 473, 474, 475, 476, 477, 478, 479, 480, 481, 482, 483, 484, 485, 486, 487, 488, 489, 490, 491, 492, 493, 494, 495, 496, 497, 498, 499, 500, 501, 502, 503, 504, 505, 506, 507, 508, 509, 510, 511, 512, 513, 514, 515, 516, 517, 518, 519, 521, 522, 523, 524, 525, 526, 527, 528, 529, 530, 531, 532, 533, 534, 535, 536, 537, 538, 539, 540, 541, 542, 543, 544, 545, 546, 547, 548, 549, 550, 551, 552, 553, 554, 555, 556, 557, 558, 559, 560, 561, 562, 563, 564, 565, 566, 567, 568, 569, 570, 571, 572, 573, 574, 575, 576, 577, 578, 579, 580, 581, 582, 583, 584, 585, 586, 587, 588, 589, 590, 591, 592, 593, 594, 595, 596, 597, 598, 599], '4_3': [146], '3_3': [520], '2_2': [1, 28, 29, 41, 43, 44, 45, 46, 47, 48, 49, 50, 51, 52, 53, 54, 55, 56, 58, 60, 61, 62, 63, 64, 65, 66, 67, 68, 69, 70, 71, 72, 73, 74, 75, 76, 77, 78, 79, 81, 82, 84, 85, 86, 87, 88, 89, 90, 91, 93, 94, 95, 96, 97, 98, 59, 92], '2_3': [100, 101, 102, 103, 104, 105, 106, 107, 108, 109, 110, 111, 112, 113, 114, 115, 116, 118, 119, 120, 121, 122, 123, 124, 126, 127, 128, 130, 131, 132, 133, 134, 135, 136, 138, 139, 140, 141, 143, 144, 145, 147, 148, 149, 150, 151, 152, 153, 156, 157, 158, 159, 160, 161, 162, 163, 164, 165, 166, 167, 168, 169, 170, 171, 172, 173, 174, 175, 176, 177, 178, 179, 180, 181, 182, 183, 184, 185, 186, 187, 188, 189, 190, 191, 192, 193, 194, 195, 196, 197, 198, 199, 200, 201, 202, 203, 204, 205, 207, 208, 209, 210, 211, 212, 213, 214, 215, 216, 217, 218, 219, 220, 221, 222, 223, 224, 225, 226, 227, 228, 229, 230, 231, 232, 234, 235, 236, 237, 239, 240, 241, 242, 245, 246, 247, 248, 250, 251, 252, 253, 254, 255, 256, 258, 259, 260, 261, 262, 263, 264, 265, 266, 267, 268, 270, 271, 272, 274, 275, 276, 277, 278, 279, 280, 281, 282, 284, 285, 286, 287, 288, 289, 291, 292, 293, 294, 295, 296, 297, 298, 299, 300, 301, 302, 303, 304, 305, 306, 307, 308, 309, 310, 311, 313, 314, 315, 317, 318, 319, 320, 321, 322, 323, 324, 325, 327, 328, 329, 330, 331, 333, 334, 335, 336, 337, 338, 339, 341, 342, 343, 344, 345, 346, 347, 348, 349, 350, 351, 352, 353, 354, 355, 357, 358, 359, 360, 361, 362, 363, 364, 365, 366, 367, 368, 369, 370, 372, 373, 374, 375, 376, 378, 380, 381, 382, 385, 386, 388, 391, 392, 393, 394, 413, 117, 154, 155, 243, 283, 384, 387, 421]}
FP rate  0.01133 FN rate  0.16
 Before reassigning cells 
 Timepoint  2
 Cluster  1  # of cells  42
 Cluster  6  # of cells  2
 Cluster  2  # of cells  52
 Timepoint  3
 Cluster  1  # of cells  55
 Cluster  5  # of cells  173
 Cluster  4  # of cells  1
 Cluster  3  # of cells  1
 Cluster  2  # of cells  260
 Cells absent at timepoint  2   {1, 28, 29, 47}
 Missing cell prob  {'6': 3.033917810186568e-08, '2': 0.006367446592132027, '1': 0.006367446592132027}
 Missing cell prob  {'6': 4.76187358207e-10, '2': 0.0011991054137606041, '1': 0.0011991054137606041}
 Missing cell prob  {'6': 5.584683644389792e-09, '2': 3.069709859227147e-05, '1': 3.069709859227147e-05}
 Missing cell prob  {'6': 1.6788230873884655e-11, '2': 0.11967310480114465, '1': 0.11967310480114465}
 Cells absent at timepoint  3   {194, 259, 101, 136, 105, 264, 265, 336, 220, 350}
 Missing cell prob  {'2': 0.004441966094734781, '5': 2.089893960003693e-09, '4': 3.850481023438795e-12, '3': 4.804970666773514e-19, '1': 0.004441966094734781}
 Missing cell prob  {'2': 8.14467530777227e-06, '5': 2.841006081144328e-10, '4': 4.362594999556152e-14, '3': 6.531886854201709e-20, '1': 8.14467530777227e-06}
 Missing cell prob  {'2': 0.001226746002134089, '5': 2.2037707270447106e-08, '4': 2.785041380121263e-14, '3': 9.459360529119276e-10, '1': 0.001226746002134089}
 Missing cell prob  {'2': 0.15429710545365896, '5': 2.7718488071285106e-06, '4': 2.028059872036572e-15, '3': 1.0313466303632692e-16, '1': 0.15429710545365896}
 Missing cell prob  {'2': 0.15082053999377934, '5': 4.384710016229991e-07, '4': 3.849196777429343e-15, '3': 7.474062799500658e-15, '1': 0.15082053999377934}
 Missing cell prob  {'2': 0.12243169048612744, '5': 3.5593789784908255e-07, '4': 6.8206021637199884e-18, '3': 1.3243700400294496e-17, '1': 0.12243169048612744}
 Missing cell prob  {'2': 0.14742230722433672, '5': 4.285915347663823e-07, '4': 3.762468095608996e-15, '3': 2.1509451165511457e-19, '1': 0.14742230722433672}
 Missing cell prob  {'2': 3.824834236735134e-05, '5': 1.1119698277783419e-10, '4': 9.385652909677485e-11, '3': 2.458112427291493e-12, '1': 3.824834236735134e-05}
 Missing cell prob  {'2': 0.005288054874684261, '5': 2.4879690000043954e-09, '4': 3.8204779604336573e-13, '3': 2.620548515621673e-16, '1': 0.005288054874684261}
 Missing cell prob  {'2': 0.029726728684309214, '5': 3.2998200084863213e-06, '4': 3.4756616441130285e-13, '3': 9.102794619269807e-15, '1': 0.029726728684309214}
 Timepoint  2
 Timepoint  3
 After reassigning and merging cells 
 Timepoint  2
 Cluster  1  # of cells  42
 Cluster  6  # of cells  2
 Cluster  2  # of cells  56
 Timepoint  3
 Cluster  1  # of cells  55
 Cluster  5  # of cells  173
 Cluster  4  # of cells  1
 Cluster  3  # of cells  1
 Cluster  2  # of cells  270
 Tp cluster cell dict  {'1_2': 42, '6_2': 2, '2_2': 56, '1_3': 55, '5_3': 173, '4_3': 1, '3_3': 1, '2_3': 270}
 New Graph is here 
 ID  0  Timepoint  1  Mutations  []  Type  subclone
 ID  1  Timepoint  2  Mutations  [0, 1, 2, 3, 4, 5, 6, 7, 8, 9, 10, 11]  Type  subclone
 ID  2  Timepoint  2  Mutations  [0, 1, 2, 3, 4, 5, 6, 7, 8, 9, 10, 11, 21, 22, 23, 24, 29]  Type  subclone
 ID  3  Timepoint  2  Mutations  [0, 1, 2, 3, 4, 5, 6, 7, 8, 9, 10, 11, 21, 22]  Type  subclone
 ID  4  Timepoint  3  Mutations  [0, 1, 2, 3, 4, 5, 6, 7, 8, 9, 10, 11]  Type  subclone
 ID  5  Timepoint  3  Mutations  [0, 1, 2, 3, 4, 5, 6, 7, 8, 9, 10, 11, 23, 24, 25, 26, 27, 28, 29, 30, 31, 32]  Type  subclone
 ID  6  Timepoint  3  Mutations  [0, 5, 6, 9, 10, 17, 23, 27, 30]  Type  subclone
 ID  7  Timepoint  3  Mutations  [3, 7, 8, 9, 10, 14, 17, 21, 24, 25, 26, 27, 30, 31]  Type  subclone
 ID  8  Timepoint  3  Mutations  [0, 1, 2, 3, 4, 5, 6, 7, 8, 9, 10, 11, 21, 22]  Type  subclone
Timepoints  SortedDict({1: [0], 2: [1, 2, 3], 3: [4, 5, 6, 7, 8]})
 Clone to nodes  {'1_2': 1, '6_2': 2, '2_2': 3, '1_3': 4, '5_3': 5, '4_3': 6, '3_3': 7, '2_3': 8}
 Timepoint ====  1
 Hash table  {'0,1,2': [0, 1, 2, 3, 4, 5, 6, 7, 8, 9, 10, 11], '1,2': [21, 22], '1': [23, 24, 29]}
 Final possible usc  [[0, 1, 2, 3, 4, 5, 6, 7, 8, 9, 10, 11], [21, 22], [23, 24, 29]]
 Time  1  USC keys  {'21,22_0', '23,24,29_0', '0,1,2,3,4,5,6,7,8,9,10,11_0'}
 USC children  {'0,1,2,3,4,5,6,7,8,9,10,11_0': [1, 2, 3], '21,22_0': [2, 3], '23,24,29_0': [2]}
 USC children  {'0,1,2,3,4,5,6,7,8,9,10,11_0': [1, 2, 3], '21,22_0': [2, 3], '23,24,29_0': [2]}
 Timepoint ====  2
 Hash table  {'0,1': [0, 5, 6, 23], '0': [1, 2, 4, 11, 28, 29, 32], '0,2': [3, 7, 8, 24, 25, 26, 31], '0,1,2': [9, 10, 27, 30], '1,2': [17], '2': [14, 21]}
====== Inside find superset of t nodes ==========
 Final possible usc  []
 Time  2  USC keys  set()
 USC children  {'0,1,2,3,4,5,6,7,8,9,10,11_0': [1, 2, 3], '21,22_0': [2, 3], '23,24,29_0': [2]}
 USC children  {'0,1,2,3,4,5,6,7,8,9,10,11_0': [1, 2, 3], '21,22_0': [2, 3], '23,24,29_0': [2]}
 Node s  {'1,2,3': ['0', '1', '2', '3', '4', '5', '6', '7', '8', '9', '10', '11']}
 Enroll USC nodes  ['1', '2', '3']  len  3
 Node TP  SortedDict({1: [0], 2: [1, 2, 3], 3: [4, 5, 6, 7, 8]})
 Unobserved subclones at timepoints  {1.5: [9]}
 ============== Inside finding node v ============ 
 Time  2
 Time  3
 largest_v_mut  [[0, 1, 2, 3, 4, 5, 6, 7, 8, 9, 10, 11]]
 largest_v_mut  []
 largest_v_mut  []
 Sorted all timepoints  [1, 1.5, 2, 3]
 Timepoint  2
 Inside usc_node check  2
 Timepoint  3
 Node  6  has no parent 
 USC nodes  []
 Node with minimum mutation sets  {1: 7, 2: 11, 3: 9}
 Node  7  has no parent 
 USC nodes  []
 Node with minimum mutation sets  {1: 7, 2: 10, 3: 8}
0   1   [-1]   subclone   []   []
1   2   [9]   subclone   [0, 1, 2, 3, 4, 5, 6, 7, 8, 9, 10, 11]   [0]
2   2   [9]   subclone   [0, 1, 2, 3, 4, 5, 6, 7, 8, 9, 10, 11, 21, 22, 23, 24, 29]   [5]
3   2   [9]   subclone   [0, 1, 2, 3, 4, 5, 6, 7, 8, 9, 10, 11, 21, 22]   [2]
4   3   [1]   subclone   [0, 1, 2, 3, 4, 5, 6, 7, 8, 9, 10, 11]   [0]
5   3   [1]   subclone   [0, 1, 2, 3, 4, 5, 6, 7, 8, 9, 10, 11, 23, 24, 25, 26, 27, 28, 29, 30, 31, 32]   [10]
6   3   [1]   subclone   [0, 5, 6, 9, 10, 17, 23, 27, 30]   [4]
7   3   [1]   subclone   [3, 7, 8, 9, 10, 14, 17, 21, 24, 25, 26, 27, 30, 31]   [9]
8   3   [3]   subclone   [0, 1, 2, 3, 4, 5, 6, 7, 8, 9, 10, 11, 21, 22]   [0]
9   1.5   [0]   unobserved subclone   [0, 1, 2, 3, 4, 5, 6, 7, 8, 9, 10, 11]   [12]
