4
 Total estimated FP  96  True negatives  9596
 Total estimated FN  2381  True positives  9527
 Estimated FP rate  0.00998
 Estimated FN rate  0.2
 No. of Cells in each cluster  {'2_2': 69, '3_2': 31, '3_3': 66, '0_3': 434}
 Cells in each cluster  {'2_2': [0, 1, 2, 3, 4, 5, 6, 7, 8, 9, 10, 11, 12, 13, 14, 15, 16, 17, 18, 19, 20, 21, 22, 23, 24, 25, 26, 27, 28, 29, 30, 31, 32, 33, 34, 35, 36, 37, 38, 39, 40, 41, 42, 43, 44, 45, 46, 47, 48, 49, 50, 51, 52, 53, 54, 55, 56, 57, 58, 59, 60, 61, 62, 63, 64, 65, 66, 67, 68], '3_2': [69, 70, 71, 72, 73, 74, 75, 76, 77, 78, 79, 80, 81, 82, 83, 84, 85, 86, 87, 88, 89, 90, 91, 92, 93, 94, 95, 96, 97, 98, 99], '3_3': [100, 101, 102, 103, 104, 105, 106, 107, 108, 109, 110, 111, 112, 113, 114, 115, 116, 117, 118, 119, 120, 121, 122, 123, 124, 125, 126, 127, 128, 129, 130, 131, 132, 133, 134, 135, 136, 137, 138, 139, 140, 141, 142, 143, 144, 145, 146, 147, 148, 149, 150, 151, 152, 153, 154, 155, 156, 157, 158, 159, 160, 161, 162, 163, 164, 165], '0_3': [235, 244, 358, 406, 410, 471, 166, 167, 168, 169, 170, 171, 172, 173, 174, 175, 176, 177, 178, 179, 180, 181, 182, 183, 184, 185, 186, 187, 188, 189, 190, 191, 192, 193, 194, 195, 196, 197, 198, 199, 200, 201, 202, 203, 204, 205, 206, 207, 208, 209, 210, 211, 212, 213, 214, 215, 216, 217, 218, 219, 220, 221, 222, 223, 224, 225, 226, 227, 228, 229, 230, 231, 232, 233, 234, 236, 237, 238, 239, 240, 241, 242, 243, 245, 246, 247, 248, 249, 250, 251, 252, 253, 254, 255, 256, 257, 258, 259, 260, 261, 262, 263, 264, 265, 266, 267, 268, 269, 270, 271, 272, 273, 274, 275, 276, 277, 278, 279, 280, 281, 282, 283, 284, 285, 286, 287, 288, 289, 290, 291, 292, 293, 294, 295, 296, 297, 298, 299, 300, 301, 302, 303, 304, 305, 306, 307, 308, 309, 310, 311, 312, 313, 314, 315, 316, 317, 318, 319, 320, 321, 322, 323, 324, 325, 326, 327, 328, 329, 330, 331, 332, 333, 334, 335, 336, 337, 338, 339, 340, 341, 342, 343, 344, 345, 346, 347, 348, 349, 350, 351, 352, 353, 354, 355, 356, 357, 359, 360, 361, 362, 363, 364, 365, 366, 367, 368, 369, 370, 371, 372, 373, 374, 375, 376, 377, 378, 379, 380, 381, 382, 383, 384, 385, 386, 387, 388, 389, 390, 391, 392, 393, 394, 395, 396, 397, 398, 399, 400, 401, 402, 403, 404, 405, 407, 408, 409, 411, 412, 413, 414, 415, 416, 417, 418, 419, 420, 421, 422, 423, 424, 425, 426, 427, 428, 429, 430, 431, 432, 433, 434, 435, 436, 437, 438, 439, 440, 441, 442, 443, 444, 445, 446, 447, 448, 449, 450, 451, 452, 453, 454, 455, 456, 457, 458, 459, 460, 461, 462, 463, 464, 465, 466, 467, 468, 469, 470, 472, 473, 474, 475, 476, 477, 478, 479, 480, 481, 482, 483, 484, 485, 486, 487, 488, 489, 490, 491, 492, 493, 494, 495, 496, 497, 498, 499, 500, 501, 502, 503, 504, 505, 506, 507, 508, 509, 510, 511, 512, 513, 514, 515, 516, 517, 518, 519, 520, 521, 522, 523, 524, 525, 526, 527, 528, 529, 530, 531, 532, 533, 534, 535, 536, 537, 538, 539, 540, 541, 542, 543, 544, 545, 546, 547, 548, 549, 550, 551, 552, 553, 554, 555, 556, 557, 558, 559, 560, 561, 562, 563, 564, 565, 566, 567, 568, 569, 570, 571, 572, 573, 574, 575, 576, 577, 578, 579, 580, 581, 582, 583, 584, 585, 586, 587, 588, 589, 590, 591, 592, 593, 594, 595, 596, 597, 598, 599]}
FP rate  0.00998 FN rate  0.2
 Before reassigning cells 
 Timepoint  2
 Cluster  2  # of cells  69
 Cluster  3  # of cells  31
 Timepoint  3
 Cluster  3  # of cells  66
 Cluster  0  # of cells  434
 Cells absent at timepoint  2   set()
 Cells absent at timepoint  3   set()
 Timepoint  2
 Timepoint  3
 After reassigning and merging cells 
 Timepoint  2
 Cluster  2  # of cells  69
 Cluster  3  # of cells  31
 Timepoint  3
 Cluster  3  # of cells  66
 Cluster  0  # of cells  434
 New Graph is here 
 ID  0  Timepoint  1  Mutations  []  Type  subclone
 ID  1  Timepoint  2  Mutations  [8, 9, 10, 11, 12, 13, 14, 15, 16, 17, 18, 19, 20, 21, 22, 23, 24, 25]  Type  subclone
 ID  2  Timepoint  2  Mutations  [8, 9, 10, 11, 12, 13, 14, 15, 16, 26, 27, 28, 29, 30, 31, 32]  Type  subclone
 ID  3  Timepoint  3  Mutations  [8, 9, 10, 11, 12, 13, 14, 15, 16, 26, 27, 28, 29, 30, 31, 32]  Type  subclone
 ID  4  Timepoint  3  Mutations  [8, 9, 10, 11, 12, 13, 14, 15, 16, 26, 27, 28, 29, 30, 31, 32, 33, 34, 35, 36, 37, 38, 39, 40, 41, 42, 43, 44]  Type  subclone
Timepoints  SortedDict({1: [0], 2: [1, 2], 3: [3, 4]})
 Clone to nodes  {'2_2': 1, '3_2': 2, '3_3': 3, '0_3': 4}
 Timepoint ====  1
 Hash table  {'0,1': [8, 9, 10, 11, 12, 13, 14, 15, 16], '0': [17, 18, 19, 20, 21, 22, 23, 24, 25], '1': [26, 27, 28, 29, 30, 31, 32]}
 Final possible usc  [[8, 9, 10, 11, 12, 13, 14, 15, 16], [17, 18, 19, 20, 21, 22, 23, 24, 25], [26, 27, 28, 29, 30, 31, 32]]
 Time  1  USC keys  {'26,27,28,29,30,31,32_0', '8,9,10,11,12,13,14,15,16_0', '17,18,19,20,21,22,23,24,25_0'}
 USC children  {'8,9,10,11,12,13,14,15,16_0': [1, 2], '17,18,19,20,21,22,23,24,25_0': [1], '26,27,28,29,30,31,32_0': [2]}
 USC children  {'8,9,10,11,12,13,14,15,16_0': [1, 2], '17,18,19,20,21,22,23,24,25_0': [1], '26,27,28,29,30,31,32_0': [2]}
 Timepoint ====  2
 Hash table  {'0': [8, 9, 10, 11, 12, 13, 14, 15, 16, 26, 27, 28, 29, 30, 31, 32, 33, 34, 35, 36, 37, 38, 39, 40, 41, 42, 43, 44]}
====== Inside find superset of t nodes ==========
 Final possible usc  [[8, 9, 10, 11, 12, 13, 14, 15, 16, 26, 27, 28, 29, 30, 31, 32, 33, 34, 35, 36, 37, 38, 39, 40, 41, 42, 43, 44]]
 Time  2  USC keys  {'8,9,10,11,12,13,14,15,16,26,27,28,29,30,31,32,33,34,35,36,37,38,39,40,41,42,43,44_2'}
 USC children  {'8,9,10,11,12,13,14,15,16_0': [1, 2], '17,18,19,20,21,22,23,24,25_0': [1], '26,27,28,29,30,31,32_0': [2], '8,9,10,11,12,13,14,15,16,26,27,28,29,30,31,32,33,34,35,36,37,38,39,40,41,42,43,44_2': [4]}
 USC children  {'8,9,10,11,12,13,14,15,16_0': [1, 2], '17,18,19,20,21,22,23,24,25_0': [1], '26,27,28,29,30,31,32_0': [2], '8,9,10,11,12,13,14,15,16,26,27,28,29,30,31,32,33,34,35,36,37,38,39,40,41,42,43,44_2': [4]}
 Node s  {'1,2': ['8', '9', '10', '11', '12', '13', '14', '15', '16'], '4': ['8', '9', '10', '11', '12', '13', '14', '15', '16', '26', '27', '28', '29', '30', '31', '32', '33', '34', '35', '36', '37', '38', '39', '40', '41', '42', '43', '44']}
 Enroll USC nodes  ['1', '2']  len  2
 Enroll USC nodes  ['4']  len  1
 Node TP  SortedDict({1: [0], 2: [1, 2], 3: [3, 4]})
 Unobserved subclones at timepoints  {1.5: [5]}
 ============== Inside finding node v ============ 
 Time  2
 Time  3
 largest_v_mut  [[32, 8, 9, 10, 11, 12, 13, 14, 15, 16, 26, 27, 28, 29, 30, 31]]
 Sorted all timepoints  [1, 1.5, 2, 3]
 Timepoint  2
 Inside usc_node check  2
 Timepoint  3
0   1   [-1]   subclone   []   []
1   2   [5]   subclone   [8, 9, 10, 11, 12, 13, 14, 15, 16, 17, 18, 19, 20, 21, 22, 23, 24, 25]   [9]
2   2   [5]   subclone   [8, 9, 10, 11, 12, 13, 14, 15, 16, 26, 27, 28, 29, 30, 31, 32]   [7]
3   3   [2]   subclone   [8, 9, 10, 11, 12, 13, 14, 15, 16, 26, 27, 28, 29, 30, 31, 32]   [0]
4   3   [2]   subclone   [8, 9, 10, 11, 12, 13, 14, 15, 16, 26, 27, 28, 29, 30, 31, 32, 33, 34, 35, 36, 37, 38, 39, 40, 41, 42, 43, 44]   [12]
5   1.5   [0]   unobserved subclone   [8, 9, 10, 11, 12, 13, 14, 15, 16]   [9]
 No. of Cells in each cluster  {'2_2': 69, '3_2': 31, '3_3': 66, '0_3': 434}
 Cells in each cluster  {'2_2': [0, 1, 2, 3, 4, 5, 6, 7, 8, 9, 10, 11, 12, 13, 14, 15, 16, 17, 18, 19, 20, 21, 22, 23, 24, 25, 26, 27, 28, 29, 30, 31, 32, 33, 34, 35, 36, 37, 38, 39, 40, 41, 42, 43, 44, 45, 46, 47, 48, 49, 50, 51, 52, 53, 54, 55, 56, 57, 58, 59, 60, 61, 62, 63, 64, 65, 66, 67, 68], '3_2': [69, 70, 71, 72, 73, 74, 75, 76, 77, 78, 79, 80, 81, 82, 83, 84, 85, 86, 87, 88, 89, 90, 91, 92, 93, 94, 95, 96, 97, 98, 99], '3_3': [100, 101, 102, 103, 104, 105, 106, 107, 108, 109, 110, 111, 112, 113, 114, 115, 116, 117, 118, 119, 120, 121, 122, 123, 124, 125, 126, 127, 128, 129, 130, 131, 132, 133, 134, 135, 136, 137, 138, 139, 140, 141, 142, 143, 144, 145, 146, 147, 148, 149, 150, 151, 152, 153, 154, 155, 156, 157, 158, 159, 160, 161, 162, 163, 164, 165], '0_3': [235, 244, 358, 406, 410, 471, 166, 167, 168, 169, 170, 171, 172, 173, 174, 175, 176, 177, 178, 179, 180, 181, 182, 183, 184, 185, 186, 187, 188, 189, 190, 191, 192, 193, 194, 195, 196, 197, 198, 199, 200, 201, 202, 203, 204, 205, 206, 207, 208, 209, 210, 211, 212, 213, 214, 215, 216, 217, 218, 219, 220, 221, 222, 223, 224, 225, 226, 227, 228, 229, 230, 231, 232, 233, 234, 236, 237, 238, 239, 240, 241, 242, 243, 245, 246, 247, 248, 249, 250, 251, 252, 253, 254, 255, 256, 257, 258, 259, 260, 261, 262, 263, 264, 265, 266, 267, 268, 269, 270, 271, 272, 273, 274, 275, 276, 277, 278, 279, 280, 281, 282, 283, 284, 285, 286, 287, 288, 289, 290, 291, 292, 293, 294, 295, 296, 297, 298, 299, 300, 301, 302, 303, 304, 305, 306, 307, 308, 309, 310, 311, 312, 313, 314, 315, 316, 317, 318, 319, 320, 321, 322, 323, 324, 325, 326, 327, 328, 329, 330, 331, 332, 333, 334, 335, 336, 337, 338, 339, 340, 341, 342, 343, 344, 345, 346, 347, 348, 349, 350, 351, 352, 353, 354, 355, 356, 357, 359, 360, 361, 362, 363, 364, 365, 366, 367, 368, 369, 370, 371, 372, 373, 374, 375, 376, 377, 378, 379, 380, 381, 382, 383, 384, 385, 386, 387, 388, 389, 390, 391, 392, 393, 394, 395, 396, 397, 398, 399, 400, 401, 402, 403, 404, 405, 407, 408, 409, 411, 412, 413, 414, 415, 416, 417, 418, 419, 420, 421, 422, 423, 424, 425, 426, 427, 428, 429, 430, 431, 432, 433, 434, 435, 436, 437, 438, 439, 440, 441, 442, 443, 444, 445, 446, 447, 448, 449, 450, 451, 452, 453, 454, 455, 456, 457, 458, 459, 460, 461, 462, 463, 464, 465, 466, 467, 468, 469, 470, 472, 473, 474, 475, 476, 477, 478, 479, 480, 481, 482, 483, 484, 485, 486, 487, 488, 489, 490, 491, 492, 493, 494, 495, 496, 497, 498, 499, 500, 501, 502, 503, 504, 505, 506, 507, 508, 509, 510, 511, 512, 513, 514, 515, 516, 517, 518, 519, 520, 521, 522, 523, 524, 525, 526, 527, 528, 529, 530, 531, 532, 533, 534, 535, 536, 537, 538, 539, 540, 541, 542, 543, 544, 545, 546, 547, 548, 549, 550, 551, 552, 553, 554, 555, 556, 557, 558, 559, 560, 561, 562, 563, 564, 565, 566, 567, 568, 569, 570, 571, 572, 573, 574, 575, 576, 577, 578, 579, 580, 581, 582, 583, 584, 585, 586, 587, 588, 589, 590, 591, 592, 593, 594, 595, 596, 597, 598, 599]}
FP rate  0.00998 FN rate  0.2
 Before reassigning cells 
 Timepoint  2
 Cluster  2  # of cells  69
 Cluster  3  # of cells  31
 Timepoint  3
 Cluster  3  # of cells  66
 Cluster  0  # of cells  434
 Cells absent at timepoint  2   set()
 Cells absent at timepoint  3   set()
 Timepoint  2
 Timepoint  3
 After reassigning and merging cells 
 Timepoint  2
 Cluster  2  # of cells  69
 Cluster  3  # of cells  31
 Timepoint  3
 Cluster  3  # of cells  66
 Cluster  0  # of cells  434
 Tp cluster cell dict  {'2_2': 69, '3_2': 31, '3_3': 66, '0_3': 434}
 New Graph is here 
 ID  0  Timepoint  1  Mutations  []  Type  subclone
 ID  1  Timepoint  2  Mutations  [8, 9, 10, 11, 12, 13, 14, 15, 16, 17, 18, 19, 20, 21, 22, 23, 24, 25]  Type  subclone
 ID  2  Timepoint  2  Mutations  [8, 9, 10, 11, 12, 13, 14, 15, 16, 26, 27, 28, 29, 30, 31, 32]  Type  subclone
 ID  3  Timepoint  3  Mutations  [8, 9, 10, 11, 12, 13, 14, 15, 16, 26, 27, 28, 29, 30, 31, 32]  Type  subclone
 ID  4  Timepoint  3  Mutations  [8, 9, 10, 11, 12, 13, 14, 15, 16, 26, 27, 28, 29, 30, 31, 32, 33, 34, 35, 36, 37, 38, 39, 40, 41, 42, 43, 44]  Type  subclone
Timepoints  SortedDict({1: [0], 2: [1, 2], 3: [3, 4]})
 Clone to nodes  {'2_2': 1, '3_2': 2, '3_3': 3, '0_3': 4}
 Timepoint ====  1
 Hash table  {'0,1': [8, 9, 10, 11, 12, 13, 14, 15, 16], '0': [17, 18, 19, 20, 21, 22, 23, 24, 25], '1': [26, 27, 28, 29, 30, 31, 32]}
 Final possible usc  [[8, 9, 10, 11, 12, 13, 14, 15, 16], [17, 18, 19, 20, 21, 22, 23, 24, 25], [26, 27, 28, 29, 30, 31, 32]]
 Time  1  USC keys  {'17,18,19,20,21,22,23,24,25_0', '26,27,28,29,30,31,32_0', '8,9,10,11,12,13,14,15,16_0'}
 USC children  {'8,9,10,11,12,13,14,15,16_0': [1, 2], '17,18,19,20,21,22,23,24,25_0': [1], '26,27,28,29,30,31,32_0': [2]}
 USC children  {'8,9,10,11,12,13,14,15,16_0': [1, 2], '17,18,19,20,21,22,23,24,25_0': [1], '26,27,28,29,30,31,32_0': [2]}
 Timepoint ====  2
 Hash table  {'0': [8, 9, 10, 11, 12, 13, 14, 15, 16, 26, 27, 28, 29, 30, 31, 32, 33, 34, 35, 36, 37, 38, 39, 40, 41, 42, 43, 44]}
====== Inside find superset of t nodes ==========
 Final possible usc  [[8, 9, 10, 11, 12, 13, 14, 15, 16, 26, 27, 28, 29, 30, 31, 32, 33, 34, 35, 36, 37, 38, 39, 40, 41, 42, 43, 44]]
 Time  2  USC keys  {'8,9,10,11,12,13,14,15,16,26,27,28,29,30,31,32,33,34,35,36,37,38,39,40,41,42,43,44_2'}
 USC children  {'8,9,10,11,12,13,14,15,16_0': [1, 2], '17,18,19,20,21,22,23,24,25_0': [1], '26,27,28,29,30,31,32_0': [2], '8,9,10,11,12,13,14,15,16,26,27,28,29,30,31,32,33,34,35,36,37,38,39,40,41,42,43,44_2': [4]}
 USC children  {'8,9,10,11,12,13,14,15,16_0': [1, 2], '17,18,19,20,21,22,23,24,25_0': [1], '26,27,28,29,30,31,32_0': [2], '8,9,10,11,12,13,14,15,16,26,27,28,29,30,31,32,33,34,35,36,37,38,39,40,41,42,43,44_2': [4]}
 Node s  {'1,2': ['8', '9', '10', '11', '12', '13', '14', '15', '16'], '4': ['8', '9', '10', '11', '12', '13', '14', '15', '16', '26', '27', '28', '29', '30', '31', '32', '33', '34', '35', '36', '37', '38', '39', '40', '41', '42', '43', '44']}
 Enroll USC nodes  ['1', '2']  len  2
 Enroll USC nodes  ['4']  len  1
 Node TP  SortedDict({1: [0], 2: [1, 2], 3: [3, 4]})
 Unobserved subclones at timepoints  {1.5: [5]}
 ============== Inside finding node v ============ 
 Time  2
 Time  3
 largest_v_mut  [[32, 8, 9, 10, 11, 12, 13, 14, 15, 16, 26, 27, 28, 29, 30, 31]]
 Sorted all timepoints  [1, 1.5, 2, 3]
 Timepoint  2
 Inside usc_node check  2
 Timepoint  3
0   1   [-1]   subclone   []   []
1   2   [5]   subclone   [8, 9, 10, 11, 12, 13, 14, 15, 16, 17, 18, 19, 20, 21, 22, 23, 24, 25]   [9]
2   2   [5]   subclone   [8, 9, 10, 11, 12, 13, 14, 15, 16, 26, 27, 28, 29, 30, 31, 32]   [7]
3   3   [2]   subclone   [8, 9, 10, 11, 12, 13, 14, 15, 16, 26, 27, 28, 29, 30, 31, 32]   [0]
4   3   [2]   subclone   [8, 9, 10, 11, 12, 13, 14, 15, 16, 26, 27, 28, 29, 30, 31, 32, 33, 34, 35, 36, 37, 38, 39, 40, 41, 42, 43, 44]   [12]
5   1.5   [0]   unobserved subclone   [8, 9, 10, 11, 12, 13, 14, 15, 16]   [9]
 No. of Cells in each cluster  {'2_2': 69, '3_2': 31, '3_3': 66, '0_3': 434}
 Cells in each cluster  {'2_2': [0, 1, 2, 3, 4, 5, 6, 7, 8, 9, 10, 11, 12, 13, 14, 15, 16, 17, 18, 19, 20, 21, 22, 23, 24, 25, 26, 27, 28, 29, 30, 31, 32, 33, 34, 35, 36, 37, 38, 39, 40, 41, 42, 43, 44, 45, 46, 47, 48, 49, 50, 51, 52, 53, 54, 55, 56, 57, 58, 59, 60, 61, 62, 63, 64, 65, 66, 67, 68], '3_2': [69, 70, 71, 72, 73, 74, 75, 76, 77, 78, 79, 80, 81, 82, 83, 84, 85, 86, 87, 88, 89, 90, 91, 92, 93, 94, 95, 96, 97, 98, 99], '3_3': [100, 101, 102, 103, 104, 105, 106, 107, 108, 109, 110, 111, 112, 113, 114, 115, 116, 117, 118, 119, 120, 121, 122, 123, 124, 125, 126, 127, 128, 129, 130, 131, 132, 133, 134, 135, 136, 137, 138, 139, 140, 141, 142, 143, 144, 145, 146, 147, 148, 149, 150, 151, 152, 153, 154, 155, 156, 157, 158, 159, 160, 161, 162, 163, 164, 165], '0_3': [235, 244, 358, 406, 410, 471, 166, 167, 168, 169, 170, 171, 172, 173, 174, 175, 176, 177, 178, 179, 180, 181, 182, 183, 184, 185, 186, 187, 188, 189, 190, 191, 192, 193, 194, 195, 196, 197, 198, 199, 200, 201, 202, 203, 204, 205, 206, 207, 208, 209, 210, 211, 212, 213, 214, 215, 216, 217, 218, 219, 220, 221, 222, 223, 224, 225, 226, 227, 228, 229, 230, 231, 232, 233, 234, 236, 237, 238, 239, 240, 241, 242, 243, 245, 246, 247, 248, 249, 250, 251, 252, 253, 254, 255, 256, 257, 258, 259, 260, 261, 262, 263, 264, 265, 266, 267, 268, 269, 270, 271, 272, 273, 274, 275, 276, 277, 278, 279, 280, 281, 282, 283, 284, 285, 286, 287, 288, 289, 290, 291, 292, 293, 294, 295, 296, 297, 298, 299, 300, 301, 302, 303, 304, 305, 306, 307, 308, 309, 310, 311, 312, 313, 314, 315, 316, 317, 318, 319, 320, 321, 322, 323, 324, 325, 326, 327, 328, 329, 330, 331, 332, 333, 334, 335, 336, 337, 338, 339, 340, 341, 342, 343, 344, 345, 346, 347, 348, 349, 350, 351, 352, 353, 354, 355, 356, 357, 359, 360, 361, 362, 363, 364, 365, 366, 367, 368, 369, 370, 371, 372, 373, 374, 375, 376, 377, 378, 379, 380, 381, 382, 383, 384, 385, 386, 387, 388, 389, 390, 391, 392, 393, 394, 395, 396, 397, 398, 399, 400, 401, 402, 403, 404, 405, 407, 408, 409, 411, 412, 413, 414, 415, 416, 417, 418, 419, 420, 421, 422, 423, 424, 425, 426, 427, 428, 429, 430, 431, 432, 433, 434, 435, 436, 437, 438, 439, 440, 441, 442, 443, 444, 445, 446, 447, 448, 449, 450, 451, 452, 453, 454, 455, 456, 457, 458, 459, 460, 461, 462, 463, 464, 465, 466, 467, 468, 469, 470, 472, 473, 474, 475, 476, 477, 478, 479, 480, 481, 482, 483, 484, 485, 486, 487, 488, 489, 490, 491, 492, 493, 494, 495, 496, 497, 498, 499, 500, 501, 502, 503, 504, 505, 506, 507, 508, 509, 510, 511, 512, 513, 514, 515, 516, 517, 518, 519, 520, 521, 522, 523, 524, 525, 526, 527, 528, 529, 530, 531, 532, 533, 534, 535, 536, 537, 538, 539, 540, 541, 542, 543, 544, 545, 546, 547, 548, 549, 550, 551, 552, 553, 554, 555, 556, 557, 558, 559, 560, 561, 562, 563, 564, 565, 566, 567, 568, 569, 570, 571, 572, 573, 574, 575, 576, 577, 578, 579, 580, 581, 582, 583, 584, 585, 586, 587, 588, 589, 590, 591, 592, 593, 594, 595, 596, 597, 598, 599]}
FP rate  0.00998 FN rate  0.2
 Before reassigning cells 
 Timepoint  2
 Cluster  2  # of cells  69
 Cluster  3  # of cells  31
 Timepoint  3
 Cluster  3  # of cells  66
 Cluster  0  # of cells  434
 Cells absent at timepoint  2   set()
 Cells absent at timepoint  3   set()
 Timepoint  2
 Timepoint  3
 After reassigning and merging cells 
 Timepoint  2
 Cluster  2  # of cells  69
 Cluster  3  # of cells  31
 Timepoint  3
 Cluster  3  # of cells  66
 Cluster  0  # of cells  434
 Tp cluster cell dict  {'2_2': 69, '3_2': 31, '3_3': 66, '0_3': 434}
 New Graph is here 
 ID  0  Timepoint  1  Mutations  []  Type  subclone
 ID  1  Timepoint  2  Mutations  [8, 9, 10, 11, 12, 13, 14, 15, 16, 17, 18, 19, 20, 21, 22, 23, 24, 25]  Type  subclone
 ID  2  Timepoint  2  Mutations  [8, 9, 10, 11, 12, 13, 14, 15, 16, 26, 27, 28, 29, 30, 31, 32]  Type  subclone
 ID  3  Timepoint  3  Mutations  [8, 9, 10, 11, 12, 13, 14, 15, 16, 26, 27, 28, 29, 30, 31, 32]  Type  subclone
 ID  4  Timepoint  3  Mutations  [8, 9, 10, 11, 12, 13, 14, 15, 16, 26, 27, 28, 29, 30, 31, 32, 33, 34, 35, 36, 37, 38, 39, 40, 41, 42, 43, 44]  Type  subclone
Timepoints  SortedDict({1: [0], 2: [1, 2], 3: [3, 4]})
 Clone to nodes  {'2_2': 1, '3_2': 2, '3_3': 3, '0_3': 4}
 Timepoint ====  1
 Hash table  {'0,1': [8, 9, 10, 11, 12, 13, 14, 15, 16], '0': [17, 18, 19, 20, 21, 22, 23, 24, 25], '1': [26, 27, 28, 29, 30, 31, 32]}
 Final possible usc  [[8, 9, 10, 11, 12, 13, 14, 15, 16], [17, 18, 19, 20, 21, 22, 23, 24, 25], [26, 27, 28, 29, 30, 31, 32]]
 Time  1  USC keys  {'26,27,28,29,30,31,32_0', '17,18,19,20,21,22,23,24,25_0', '8,9,10,11,12,13,14,15,16_0'}
 USC children  {'8,9,10,11,12,13,14,15,16_0': [1, 2], '17,18,19,20,21,22,23,24,25_0': [1], '26,27,28,29,30,31,32_0': [2]}
 USC children  {'8,9,10,11,12,13,14,15,16_0': [1, 2], '17,18,19,20,21,22,23,24,25_0': [1], '26,27,28,29,30,31,32_0': [2]}
 Timepoint ====  2
 Hash table  {'0': [8, 9, 10, 11, 12, 13, 14, 15, 16, 26, 27, 28, 29, 30, 31, 32, 33, 34, 35, 36, 37, 38, 39, 40, 41, 42, 43, 44]}
====== Inside find superset of t nodes ==========
 Final possible usc  [[8, 9, 10, 11, 12, 13, 14, 15, 16, 26, 27, 28, 29, 30, 31, 32, 33, 34, 35, 36, 37, 38, 39, 40, 41, 42, 43, 44]]
 Time  2  USC keys  {'8,9,10,11,12,13,14,15,16,26,27,28,29,30,31,32,33,34,35,36,37,38,39,40,41,42,43,44_2'}
 USC children  {'8,9,10,11,12,13,14,15,16_0': [1, 2], '17,18,19,20,21,22,23,24,25_0': [1], '26,27,28,29,30,31,32_0': [2], '8,9,10,11,12,13,14,15,16,26,27,28,29,30,31,32,33,34,35,36,37,38,39,40,41,42,43,44_2': [4]}
 USC children  {'8,9,10,11,12,13,14,15,16_0': [1, 2], '17,18,19,20,21,22,23,24,25_0': [1], '26,27,28,29,30,31,32_0': [2], '8,9,10,11,12,13,14,15,16,26,27,28,29,30,31,32,33,34,35,36,37,38,39,40,41,42,43,44_2': [4]}
 Node s  {'1,2': ['8', '9', '10', '11', '12', '13', '14', '15', '16'], '4': ['8', '9', '10', '11', '12', '13', '14', '15', '16', '26', '27', '28', '29', '30', '31', '32', '33', '34', '35', '36', '37', '38', '39', '40', '41', '42', '43', '44']}
 Enroll USC nodes  ['1', '2']  len  2
 Enroll USC nodes  ['4']  len  1
 Node TP  SortedDict({1: [0], 2: [1, 2], 3: [3, 4]})
 Unobserved subclones at timepoints  {1.5: [5]}
 ============== Inside finding node v ============ 
 Time  2
 Time  3
 largest_v_mut  [[32, 8, 9, 10, 11, 12, 13, 14, 15, 16, 26, 27, 28, 29, 30, 31]]
 Sorted all timepoints  [1, 1.5, 2, 3]
 Timepoint  2
 Inside usc_node check  2
 Timepoint  3
0   1   [-1]   subclone   []   []
1   2   [5]   subclone   [8, 9, 10, 11, 12, 13, 14, 15, 16, 17, 18, 19, 20, 21, 22, 23, 24, 25]   [9]
2   2   [5]   subclone   [8, 9, 10, 11, 12, 13, 14, 15, 16, 26, 27, 28, 29, 30, 31, 32]   [7]
3   3   [2]   subclone   [8, 9, 10, 11, 12, 13, 14, 15, 16, 26, 27, 28, 29, 30, 31, 32]   [0]
4   3   [2]   subclone   [8, 9, 10, 11, 12, 13, 14, 15, 16, 26, 27, 28, 29, 30, 31, 32, 33, 34, 35, 36, 37, 38, 39, 40, 41, 42, 43, 44]   [12]
5   1.5   [0]   unobserved subclone   [8, 9, 10, 11, 12, 13, 14, 15, 16]   [9]
