13
 Total estimated FP  158  True negatives  15687
 Total estimated FN  575  True positives  2300
 Estimated FP rate  0.06428
 Estimated FN rate  0.04
 No. of Cells in each cluster  {'7_2': 25, '7_3': 75, '11_3': 50, '3_2': 75, '3_3': 375}
 Cells in each cluster  {'7_2': [75, 76, 77, 78, 79, 80, 81, 82, 83, 84, 85, 86, 87, 88, 89, 90, 91, 92, 93, 94, 95, 96, 97, 98, 99], '7_3': [100, 101, 102, 103, 104, 105, 106, 107, 108, 109, 110, 111, 112, 113, 114, 115, 116, 117, 118, 119, 120, 121, 122, 123, 124, 125, 126, 127, 128, 129, 130, 131, 132, 133, 134, 135, 136, 137, 138, 139, 140, 141, 142, 143, 144, 145, 146, 147, 148, 149, 150, 151, 152, 153, 154, 155, 156, 157, 158, 159, 160, 161, 162, 163, 164, 165, 166, 167, 168, 169, 170, 171, 172, 173, 174], '11_3': [175, 176, 177, 178, 179, 180, 181, 182, 183, 184, 185, 186, 187, 188, 189, 190, 191, 192, 193, 194, 195, 196, 197, 198, 199, 200, 201, 202, 203, 204, 205, 206, 207, 208, 209, 210, 211, 212, 213, 214, 215, 216, 217, 218, 219, 220, 221, 222, 223, 224], '3_2': [9, 66, 1, 42, 34, 5, 35, 58, 22, 0, 2, 3, 4, 6, 7, 8, 10, 11, 12, 13, 14, 15, 16, 17, 18, 19, 20, 21, 23, 24, 25, 26, 27, 28, 29, 30, 31, 32, 33, 36, 37, 38, 39, 40, 41, 43, 44, 45, 46, 47, 48, 49, 50, 51, 52, 53, 54, 55, 56, 57, 59, 60, 61, 62, 63, 64, 65, 67, 68, 69, 70, 71, 72, 73, 74], '3_3': [273, 277, 412, 489, 597, 443, 559, 586, 396, 571, 588, 589, 361, 399, 403, 417, 476, 545, 226, 245, 265, 318, 330, 333, 351, 418, 454, 528, 536, 233, 250, 307, 369, 596, 257, 282, 285, 348, 385, 543, 235, 308, 354, 422, 225, 227, 228, 229, 230, 231, 232, 234, 236, 237, 238, 240, 241, 242, 243, 246, 247, 248, 249, 251, 252, 253, 254, 255, 256, 258, 259, 260, 261, 262, 263, 264, 266, 267, 268, 269, 270, 271, 272, 274, 275, 276, 278, 279, 280, 281, 283, 284, 286, 287, 288, 289, 290, 291, 292, 293, 294, 295, 296, 297, 298, 299, 300, 301, 302, 303, 304, 305, 306, 309, 310, 311, 312, 313, 314, 315, 316, 317, 319, 320, 321, 322, 323, 324, 325, 326, 327, 328, 329, 331, 332, 334, 335, 336, 337, 338, 339, 340, 341, 342, 343, 344, 345, 346, 347, 349, 350, 352, 353, 355, 356, 357, 358, 359, 360, 362, 363, 364, 365, 366, 367, 368, 370, 371, 372, 373, 374, 375, 376, 377, 378, 379, 380, 381, 382, 383, 384, 386, 387, 388, 389, 390, 391, 392, 393, 394, 395, 397, 398, 400, 401, 402, 404, 405, 406, 407, 408, 409, 410, 411, 413, 414, 415, 416, 419, 420, 421, 423, 424, 425, 426, 427, 428, 429, 431, 432, 433, 434, 436, 437, 438, 439, 440, 441, 442, 444, 445, 446, 447, 448, 449, 450, 451, 452, 453, 455, 456, 457, 458, 459, 460, 461, 463, 464, 465, 466, 467, 468, 469, 470, 471, 472, 473, 474, 475, 477, 478, 479, 480, 481, 482, 483, 484, 485, 486, 487, 488, 490, 491, 492, 493, 494, 495, 496, 497, 498, 499, 500, 502, 504, 505, 506, 507, 508, 509, 510, 511, 512, 513, 514, 515, 516, 517, 518, 519, 520, 521, 522, 523, 524, 525, 526, 527, 529, 530, 531, 532, 533, 534, 535, 537, 538, 539, 540, 541, 542, 544, 546, 547, 549, 550, 551, 552, 553, 554, 555, 556, 557, 558, 560, 561, 562, 563, 564, 565, 566, 567, 568, 569, 570, 572, 573, 574, 575, 576, 577, 578, 579, 580, 581, 582, 583, 584, 585, 587, 590, 591, 592, 593, 594, 595, 598, 599, 239, 244, 430, 435, 462, 501, 503, 548]}
FP rate  0.06428 FN rate  0.04
 Before reassigning cells 
 Timepoint  2
 Cluster  7  # of cells  25
 Cluster  3  # of cells  75
 Timepoint  3
 Cluster  7  # of cells  73
 Cluster  11  # of cells  49
 Cluster  3  # of cells  378
 Cells absent at timepoint  3   set()
 Cells absent at timepoint  2   set()
 Timepoint  2
 Timepoint  3
 After reassigning and merging cells 
 Timepoint  2
 Cluster  7  # of cells  25
 Cluster  3  # of cells  75
 Timepoint  3
 Cluster  7  # of cells  73
 Cluster  11  # of cells  49
 Cluster  3  # of cells  378
 New Graph is here 
 ID  0  Timepoint  1  Mutations  []  Type  subclone
 ID  1  Timepoint  2  Mutations  [8, 9, 10, 11, 12, 13, 14, 15, 16, 17, 18, 19, 20, 21, 22, 23]  Type  subclone
 ID  2  Timepoint  2  Mutations  [8]  Type  subclone
 ID  3  Timepoint  3  Mutations  [8, 9, 10, 11, 12, 13, 14, 15, 16, 17, 18, 19, 20, 21, 22, 23]  Type  subclone
 ID  4  Timepoint  3  Mutations  [8, 9, 10, 11, 12, 13, 14, 15, 16, 17, 18, 19, 20, 21, 22, 23, 24, 25, 26, 27, 28, 29, 30, 31, 32, 33, 34, 35, 36, 37, 38]  Type  subclone
 ID  5  Timepoint  3  Mutations  [8]  Type  subclone
Timepoints  SortedDict({1: [0], 2: [1, 2], 3: [3, 4, 5]})
 Clone to nodes  {'7_2': 1, '3_2': 2, '7_3': 3, '11_3': 4, '3_3': 5}
 Timepoint ====  1
 Hash table  {'0,1': [8], '0': [9, 10, 11, 12, 13, 14, 15, 16, 17, 18, 19, 20, 21, 22, 23]}
 Final possible usc  [[8], [9, 10, 11, 12, 13, 14, 15, 16, 17, 18, 19, 20, 21, 22, 23]]
 Time  1  USC keys  {'9,10,11,12,13,14,15,16,17,18,19,20,21,22,23_0', '8_0'}
 USC children  {'8_0': [1, 2], '9,10,11,12,13,14,15,16,17,18,19,20,21,22,23_0': [1]}
 USC children  {'8_0': [1, 2], '9,10,11,12,13,14,15,16,17,18,19,20,21,22,23_0': [1]}
 Timepoint ====  2
 Hash table  {'0': [8, 9, 10, 11, 12, 13, 14, 15, 16, 17, 18, 19, 20, 21, 22, 23, 24, 25, 26, 27, 28, 29, 30, 31, 32, 33, 34, 35, 36, 37, 38]}
====== Inside find superset of t nodes ==========
 Final possible usc  [[8, 9, 10, 11, 12, 13, 14, 15, 16, 17, 18, 19, 20, 21, 22, 23, 24, 25, 26, 27, 28, 29, 30, 31, 32, 33, 34, 35, 36, 37, 38]]
 Time  2  USC keys  {'8,9,10,11,12,13,14,15,16,17,18,19,20,21,22,23,24,25,26,27,28,29,30,31,32,33,34,35,36,37,38_1', '8,9,10,11,12,13,14,15,16,17,18,19,20,21,22,23,24,25,26,27,28,29,30,31,32,33,34,35,36,37,38_2'}
 USC children  {'8_0': [1, 2], '9,10,11,12,13,14,15,16,17,18,19,20,21,22,23_0': [1], '8,9,10,11,12,13,14,15,16,17,18,19,20,21,22,23,24,25,26,27,28,29,30,31,32,33,34,35,36,37,38_1': [4], '8,9,10,11,12,13,14,15,16,17,18,19,20,21,22,23,24,25,26,27,28,29,30,31,32,33,34,35,36,37,38_2': [4]}
 USC children  {'8_0': [1, 2], '9,10,11,12,13,14,15,16,17,18,19,20,21,22,23_0': [1], '8,9,10,11,12,13,14,15,16,17,18,19,20,21,22,23,24,25,26,27,28,29,30,31,32,33,34,35,36,37,38_1': [4], '8,9,10,11,12,13,14,15,16,17,18,19,20,21,22,23,24,25,26,27,28,29,30,31,32,33,34,35,36,37,38_2': [4]}
 Node s  {'1,2': ['8'], '4': ['8', '9', '10', '11', '12', '13', '14', '15', '16', '17', '18', '19', '20', '21', '22', '23', '24', '25', '26', '27', '28', '29', '30', '31', '32', '33', '34', '35', '36', '37', '38']}
 Enroll USC nodes  ['1', '2']  len  2
 Enroll USC nodes  ['4']  len  1
 Node TP  SortedDict({1: [0], 2: [1, 2], 3: [3, 4, 5]})
 Unobserved subclones at timepoints  {1.5: [6]}
 ============== Inside finding node v ============ 
 Time  2
 Time  3
 largest_v_mut  [[8, 9, 10, 11, 12, 13, 14, 15, 16, 17, 18, 19, 20, 21, 22, 23]]
 Sorted all timepoints  [1, 1.5, 2, 3]
 Timepoint  2
 Inside usc_node check  2
 Timepoint  3
0   1   [-1]   subclone   []   []
1   2   [6]   subclone   [8, 9, 10, 11, 12, 13, 14, 15, 16, 17, 18, 19, 20, 21, 22, 23]   [15]
2   2   [6]   subclone   [8]   [0]
3   3   [1]   subclone   [8, 9, 10, 11, 12, 13, 14, 15, 16, 17, 18, 19, 20, 21, 22, 23]   [0]
4   3   [1]   subclone   [8, 9, 10, 11, 12, 13, 14, 15, 16, 17, 18, 19, 20, 21, 22, 23, 24, 25, 26, 27, 28, 29, 30, 31, 32, 33, 34, 35, 36, 37, 38]   [15]
5   3   [2]   subclone   [8]   [0]
6   1.5   [0]   unobserved subclone   [8]   [1]
 No. of Cells in each cluster  {'7_2': 25, '7_3': 75, '11_3': 50, '3_2': 75, '3_3': 375}
 Cells in each cluster  {'7_2': [75, 76, 77, 78, 79, 80, 81, 82, 83, 84, 85, 86, 87, 88, 89, 90, 91, 92, 93, 94, 95, 96, 97, 98, 99], '7_3': [100, 101, 102, 103, 104, 105, 106, 107, 108, 109, 110, 111, 112, 113, 114, 115, 116, 117, 118, 119, 120, 121, 122, 123, 124, 125, 126, 127, 128, 129, 130, 131, 132, 133, 134, 135, 136, 137, 138, 139, 140, 141, 142, 143, 144, 145, 146, 147, 148, 149, 150, 151, 152, 153, 154, 155, 156, 157, 158, 159, 160, 161, 162, 163, 164, 165, 166, 167, 168, 169, 170, 171, 172, 173, 174], '11_3': [175, 176, 177, 178, 179, 180, 181, 182, 183, 184, 185, 186, 187, 188, 189, 190, 191, 192, 193, 194, 195, 196, 197, 198, 199, 200, 201, 202, 203, 204, 205, 206, 207, 208, 209, 210, 211, 212, 213, 214, 215, 216, 217, 218, 219, 220, 221, 222, 223, 224], '3_2': [9, 66, 1, 42, 34, 5, 35, 58, 22, 0, 2, 3, 4, 6, 7, 8, 10, 11, 12, 13, 14, 15, 16, 17, 18, 19, 20, 21, 23, 24, 25, 26, 27, 28, 29, 30, 31, 32, 33, 36, 37, 38, 39, 40, 41, 43, 44, 45, 46, 47, 48, 49, 50, 51, 52, 53, 54, 55, 56, 57, 59, 60, 61, 62, 63, 64, 65, 67, 68, 69, 70, 71, 72, 73, 74], '3_3': [273, 277, 412, 489, 597, 443, 559, 586, 396, 571, 588, 589, 361, 399, 403, 417, 476, 545, 226, 245, 265, 318, 330, 333, 351, 418, 454, 528, 536, 233, 250, 307, 369, 596, 257, 282, 285, 348, 385, 543, 235, 308, 354, 422, 225, 227, 228, 229, 230, 231, 232, 234, 236, 237, 238, 240, 241, 242, 243, 246, 247, 248, 249, 251, 252, 253, 254, 255, 256, 258, 259, 260, 261, 262, 263, 264, 266, 267, 268, 269, 270, 271, 272, 274, 275, 276, 278, 279, 280, 281, 283, 284, 286, 287, 288, 289, 290, 291, 292, 293, 294, 295, 296, 297, 298, 299, 300, 301, 302, 303, 304, 305, 306, 309, 310, 311, 312, 313, 314, 315, 316, 317, 319, 320, 321, 322, 323, 324, 325, 326, 327, 328, 329, 331, 332, 334, 335, 336, 337, 338, 339, 340, 341, 342, 343, 344, 345, 346, 347, 349, 350, 352, 353, 355, 356, 357, 358, 359, 360, 362, 363, 364, 365, 366, 367, 368, 370, 371, 372, 373, 374, 375, 376, 377, 378, 379, 380, 381, 382, 383, 384, 386, 387, 388, 389, 390, 391, 392, 393, 394, 395, 397, 398, 400, 401, 402, 404, 405, 406, 407, 408, 409, 410, 411, 413, 414, 415, 416, 419, 420, 421, 423, 424, 425, 426, 427, 428, 429, 431, 432, 433, 434, 436, 437, 438, 439, 440, 441, 442, 444, 445, 446, 447, 448, 449, 450, 451, 452, 453, 455, 456, 457, 458, 459, 460, 461, 463, 464, 465, 466, 467, 468, 469, 470, 471, 472, 473, 474, 475, 477, 478, 479, 480, 481, 482, 483, 484, 485, 486, 487, 488, 490, 491, 492, 493, 494, 495, 496, 497, 498, 499, 500, 502, 504, 505, 506, 507, 508, 509, 510, 511, 512, 513, 514, 515, 516, 517, 518, 519, 520, 521, 522, 523, 524, 525, 526, 527, 529, 530, 531, 532, 533, 534, 535, 537, 538, 539, 540, 541, 542, 544, 546, 547, 549, 550, 551, 552, 553, 554, 555, 556, 557, 558, 560, 561, 562, 563, 564, 565, 566, 567, 568, 569, 570, 572, 573, 574, 575, 576, 577, 578, 579, 580, 581, 582, 583, 584, 585, 587, 590, 591, 592, 593, 594, 595, 598, 599, 239, 244, 430, 435, 462, 501, 503, 548]}
FP rate  0.06428 FN rate  0.04
 Before reassigning cells 
 Timepoint  2
 Cluster  7  # of cells  25
 Cluster  3  # of cells  75
 Timepoint  3
 Cluster  7  # of cells  73
 Cluster  11  # of cells  49
 Cluster  3  # of cells  378
 Cells absent at timepoint  3   set()
 Cells absent at timepoint  2   set()
 Timepoint  2
 Timepoint  3
 After reassigning and merging cells 
 Timepoint  2
 Cluster  7  # of cells  25
 Cluster  3  # of cells  75
 Timepoint  3
 Cluster  7  # of cells  73
 Cluster  11  # of cells  49
 Cluster  3  # of cells  378
 Tp cluster cell dict  {'7_2': 25, '3_2': 75, '7_3': 73, '11_3': 49, '3_3': 378}
 New Graph is here 
 ID  0  Timepoint  1  Mutations  []  Type  subclone
 ID  1  Timepoint  2  Mutations  [8, 9, 10, 11, 12, 13, 14, 15, 16, 17, 18, 19, 20, 21, 22, 23]  Type  subclone
 ID  2  Timepoint  2  Mutations  [8]  Type  subclone
 ID  3  Timepoint  3  Mutations  [8, 9, 10, 11, 12, 13, 14, 15, 16, 17, 18, 19, 20, 21, 22, 23]  Type  subclone
 ID  4  Timepoint  3  Mutations  [8, 9, 10, 11, 12, 13, 14, 15, 16, 17, 18, 19, 20, 21, 22, 23, 24, 25, 26, 27, 28, 29, 30, 31, 32, 33, 34, 35, 36, 37, 38]  Type  subclone
 ID  5  Timepoint  3  Mutations  [8]  Type  subclone
Timepoints  SortedDict({1: [0], 2: [1, 2], 3: [3, 4, 5]})
 Clone to nodes  {'7_2': 1, '3_2': 2, '7_3': 3, '11_3': 4, '3_3': 5}
 Timepoint ====  1
 Hash table  {'0,1': [8], '0': [9, 10, 11, 12, 13, 14, 15, 16, 17, 18, 19, 20, 21, 22, 23]}
 Final possible usc  [[8], [9, 10, 11, 12, 13, 14, 15, 16, 17, 18, 19, 20, 21, 22, 23]]
 Time  1  USC keys  {'9,10,11,12,13,14,15,16,17,18,19,20,21,22,23_0', '8_0'}
 USC children  {'8_0': [1, 2], '9,10,11,12,13,14,15,16,17,18,19,20,21,22,23_0': [1]}
 USC children  {'8_0': [1, 2], '9,10,11,12,13,14,15,16,17,18,19,20,21,22,23_0': [1]}
 Timepoint ====  2
 Hash table  {'0': [8, 9, 10, 11, 12, 13, 14, 15, 16, 17, 18, 19, 20, 21, 22, 23, 24, 25, 26, 27, 28, 29, 30, 31, 32, 33, 34, 35, 36, 37, 38]}
====== Inside find superset of t nodes ==========
 Final possible usc  [[8, 9, 10, 11, 12, 13, 14, 15, 16, 17, 18, 19, 20, 21, 22, 23, 24, 25, 26, 27, 28, 29, 30, 31, 32, 33, 34, 35, 36, 37, 38]]
 Time  2  USC keys  {'8,9,10,11,12,13,14,15,16,17,18,19,20,21,22,23,24,25,26,27,28,29,30,31,32,33,34,35,36,37,38_1', '8,9,10,11,12,13,14,15,16,17,18,19,20,21,22,23,24,25,26,27,28,29,30,31,32,33,34,35,36,37,38_2'}
 USC children  {'8_0': [1, 2], '9,10,11,12,13,14,15,16,17,18,19,20,21,22,23_0': [1], '8,9,10,11,12,13,14,15,16,17,18,19,20,21,22,23,24,25,26,27,28,29,30,31,32,33,34,35,36,37,38_1': [4], '8,9,10,11,12,13,14,15,16,17,18,19,20,21,22,23,24,25,26,27,28,29,30,31,32,33,34,35,36,37,38_2': [4]}
 USC children  {'8_0': [1, 2], '9,10,11,12,13,14,15,16,17,18,19,20,21,22,23_0': [1], '8,9,10,11,12,13,14,15,16,17,18,19,20,21,22,23,24,25,26,27,28,29,30,31,32,33,34,35,36,37,38_1': [4], '8,9,10,11,12,13,14,15,16,17,18,19,20,21,22,23,24,25,26,27,28,29,30,31,32,33,34,35,36,37,38_2': [4]}
 Node s  {'1,2': ['8'], '4': ['8', '9', '10', '11', '12', '13', '14', '15', '16', '17', '18', '19', '20', '21', '22', '23', '24', '25', '26', '27', '28', '29', '30', '31', '32', '33', '34', '35', '36', '37', '38']}
 Enroll USC nodes  ['1', '2']  len  2
 Enroll USC nodes  ['4']  len  1
 Node TP  SortedDict({1: [0], 2: [1, 2], 3: [3, 4, 5]})
 Unobserved subclones at timepoints  {1.5: [6]}
 ============== Inside finding node v ============ 
 Time  2
 Time  3
 largest_v_mut  [[8, 9, 10, 11, 12, 13, 14, 15, 16, 17, 18, 19, 20, 21, 22, 23]]
 Sorted all timepoints  [1, 1.5, 2, 3]
 Timepoint  2
 Inside usc_node check  2
 Timepoint  3
0   1   [-1]   subclone   []   []
1   2   [6]   subclone   [8, 9, 10, 11, 12, 13, 14, 15, 16, 17, 18, 19, 20, 21, 22, 23]   [15]
2   2   [6]   subclone   [8]   [0]
3   3   [1]   subclone   [8, 9, 10, 11, 12, 13, 14, 15, 16, 17, 18, 19, 20, 21, 22, 23]   [0]
4   3   [1]   subclone   [8, 9, 10, 11, 12, 13, 14, 15, 16, 17, 18, 19, 20, 21, 22, 23, 24, 25, 26, 27, 28, 29, 30, 31, 32, 33, 34, 35, 36, 37, 38]   [15]
5   3   [2]   subclone   [8]   [0]
6   1.5   [0]   unobserved subclone   [8]   [1]
 No. of Cells in each cluster  {'7_2': 25, '7_3': 75, '11_3': 50, '3_2': 75, '3_3': 375}
 Cells in each cluster  {'7_2': [75, 76, 77, 78, 79, 80, 81, 82, 83, 84, 85, 86, 87, 88, 89, 90, 91, 92, 93, 94, 95, 96, 97, 98, 99], '7_3': [100, 101, 102, 103, 104, 105, 106, 107, 108, 109, 110, 111, 112, 113, 114, 115, 116, 117, 118, 119, 120, 121, 122, 123, 124, 125, 126, 127, 128, 129, 130, 131, 132, 133, 134, 135, 136, 137, 138, 139, 140, 141, 142, 143, 144, 145, 146, 147, 148, 149, 150, 151, 152, 153, 154, 155, 156, 157, 158, 159, 160, 161, 162, 163, 164, 165, 166, 167, 168, 169, 170, 171, 172, 173, 174], '11_3': [175, 176, 177, 178, 179, 180, 181, 182, 183, 184, 185, 186, 187, 188, 189, 190, 191, 192, 193, 194, 195, 196, 197, 198, 199, 200, 201, 202, 203, 204, 205, 206, 207, 208, 209, 210, 211, 212, 213, 214, 215, 216, 217, 218, 219, 220, 221, 222, 223, 224], '3_2': [9, 66, 1, 42, 34, 5, 35, 58, 22, 0, 2, 3, 4, 6, 7, 8, 10, 11, 12, 13, 14, 15, 16, 17, 18, 19, 20, 21, 23, 24, 25, 26, 27, 28, 29, 30, 31, 32, 33, 36, 37, 38, 39, 40, 41, 43, 44, 45, 46, 47, 48, 49, 50, 51, 52, 53, 54, 55, 56, 57, 59, 60, 61, 62, 63, 64, 65, 67, 68, 69, 70, 71, 72, 73, 74], '3_3': [273, 277, 412, 489, 597, 443, 559, 586, 396, 571, 588, 589, 361, 399, 403, 417, 476, 545, 226, 245, 265, 318, 330, 333, 351, 418, 454, 528, 536, 233, 250, 307, 369, 596, 257, 282, 285, 348, 385, 543, 235, 308, 354, 422, 225, 227, 228, 229, 230, 231, 232, 234, 236, 237, 238, 240, 241, 242, 243, 246, 247, 248, 249, 251, 252, 253, 254, 255, 256, 258, 259, 260, 261, 262, 263, 264, 266, 267, 268, 269, 270, 271, 272, 274, 275, 276, 278, 279, 280, 281, 283, 284, 286, 287, 288, 289, 290, 291, 292, 293, 294, 295, 296, 297, 298, 299, 300, 301, 302, 303, 304, 305, 306, 309, 310, 311, 312, 313, 314, 315, 316, 317, 319, 320, 321, 322, 323, 324, 325, 326, 327, 328, 329, 331, 332, 334, 335, 336, 337, 338, 339, 340, 341, 342, 343, 344, 345, 346, 347, 349, 350, 352, 353, 355, 356, 357, 358, 359, 360, 362, 363, 364, 365, 366, 367, 368, 370, 371, 372, 373, 374, 375, 376, 377, 378, 379, 380, 381, 382, 383, 384, 386, 387, 388, 389, 390, 391, 392, 393, 394, 395, 397, 398, 400, 401, 402, 404, 405, 406, 407, 408, 409, 410, 411, 413, 414, 415, 416, 419, 420, 421, 423, 424, 425, 426, 427, 428, 429, 431, 432, 433, 434, 436, 437, 438, 439, 440, 441, 442, 444, 445, 446, 447, 448, 449, 450, 451, 452, 453, 455, 456, 457, 458, 459, 460, 461, 463, 464, 465, 466, 467, 468, 469, 470, 471, 472, 473, 474, 475, 477, 478, 479, 480, 481, 482, 483, 484, 485, 486, 487, 488, 490, 491, 492, 493, 494, 495, 496, 497, 498, 499, 500, 502, 504, 505, 506, 507, 508, 509, 510, 511, 512, 513, 514, 515, 516, 517, 518, 519, 520, 521, 522, 523, 524, 525, 526, 527, 529, 530, 531, 532, 533, 534, 535, 537, 538, 539, 540, 541, 542, 544, 546, 547, 549, 550, 551, 552, 553, 554, 555, 556, 557, 558, 560, 561, 562, 563, 564, 565, 566, 567, 568, 569, 570, 572, 573, 574, 575, 576, 577, 578, 579, 580, 581, 582, 583, 584, 585, 587, 590, 591, 592, 593, 594, 595, 598, 599, 239, 244, 430, 435, 462, 501, 503, 548]}
FP rate  0.06428 FN rate  0.04
 Before reassigning cells 
 Timepoint  2
 Cluster  7  # of cells  25
 Cluster  3  # of cells  75
 Timepoint  3
 Cluster  7  # of cells  73
 Cluster  11  # of cells  49
 Cluster  3  # of cells  378
 Cells absent at timepoint  3   set()
 Cells absent at timepoint  2   set()
 Timepoint  2
 Timepoint  3
 After reassigning and merging cells 
 Timepoint  2
 Cluster  7  # of cells  25
 Cluster  3  # of cells  75
 Timepoint  3
 Cluster  7  # of cells  73
 Cluster  11  # of cells  49
 Cluster  3  # of cells  378
 Tp cluster cell dict  {'7_2': 25, '3_2': 75, '7_3': 73, '11_3': 49, '3_3': 378}
 New Graph is here 
 ID  0  Timepoint  1  Mutations  []  Type  subclone
 ID  1  Timepoint  2  Mutations  [8, 9, 10, 11, 12, 13, 14, 15, 16, 17, 18, 19, 20, 21, 22, 23]  Type  subclone
 ID  2  Timepoint  2  Mutations  [8]  Type  subclone
 ID  3  Timepoint  3  Mutations  [8, 9, 10, 11, 12, 13, 14, 15, 16, 17, 18, 19, 20, 21, 22, 23]  Type  subclone
 ID  4  Timepoint  3  Mutations  [8, 9, 10, 11, 12, 13, 14, 15, 16, 17, 18, 19, 20, 21, 22, 23, 24, 25, 26, 27, 28, 29, 30, 31, 32, 33, 34, 35, 36, 37, 38]  Type  subclone
 ID  5  Timepoint  3  Mutations  [8]  Type  subclone
Timepoints  SortedDict({1: [0], 2: [1, 2], 3: [3, 4, 5]})
 Clone to nodes  {'7_2': 1, '3_2': 2, '7_3': 3, '11_3': 4, '3_3': 5}
 Timepoint ====  1
 Hash table  {'0,1': [8], '0': [9, 10, 11, 12, 13, 14, 15, 16, 17, 18, 19, 20, 21, 22, 23]}
 Final possible usc  [[8], [9, 10, 11, 12, 13, 14, 15, 16, 17, 18, 19, 20, 21, 22, 23]]
 Time  1  USC keys  {'8_0', '9,10,11,12,13,14,15,16,17,18,19,20,21,22,23_0'}
 USC children  {'8_0': [1, 2], '9,10,11,12,13,14,15,16,17,18,19,20,21,22,23_0': [1]}
 USC children  {'8_0': [1, 2], '9,10,11,12,13,14,15,16,17,18,19,20,21,22,23_0': [1]}
 Timepoint ====  2
 Hash table  {'0': [8, 9, 10, 11, 12, 13, 14, 15, 16, 17, 18, 19, 20, 21, 22, 23, 24, 25, 26, 27, 28, 29, 30, 31, 32, 33, 34, 35, 36, 37, 38]}
====== Inside find superset of t nodes ==========
 Final possible usc  [[8, 9, 10, 11, 12, 13, 14, 15, 16, 17, 18, 19, 20, 21, 22, 23, 24, 25, 26, 27, 28, 29, 30, 31, 32, 33, 34, 35, 36, 37, 38]]
 Time  2  USC keys  {'8,9,10,11,12,13,14,15,16,17,18,19,20,21,22,23,24,25,26,27,28,29,30,31,32,33,34,35,36,37,38_2', '8,9,10,11,12,13,14,15,16,17,18,19,20,21,22,23,24,25,26,27,28,29,30,31,32,33,34,35,36,37,38_1'}
 USC children  {'8_0': [1, 2], '9,10,11,12,13,14,15,16,17,18,19,20,21,22,23_0': [1], '8,9,10,11,12,13,14,15,16,17,18,19,20,21,22,23,24,25,26,27,28,29,30,31,32,33,34,35,36,37,38_2': [4], '8,9,10,11,12,13,14,15,16,17,18,19,20,21,22,23,24,25,26,27,28,29,30,31,32,33,34,35,36,37,38_1': [4]}
 USC children  {'8_0': [1, 2], '9,10,11,12,13,14,15,16,17,18,19,20,21,22,23_0': [1], '8,9,10,11,12,13,14,15,16,17,18,19,20,21,22,23,24,25,26,27,28,29,30,31,32,33,34,35,36,37,38_2': [4], '8,9,10,11,12,13,14,15,16,17,18,19,20,21,22,23,24,25,26,27,28,29,30,31,32,33,34,35,36,37,38_1': [4]}
 Node s  {'1,2': ['8'], '4': ['8', '9', '10', '11', '12', '13', '14', '15', '16', '17', '18', '19', '20', '21', '22', '23', '24', '25', '26', '27', '28', '29', '30', '31', '32', '33', '34', '35', '36', '37', '38']}
 Enroll USC nodes  ['1', '2']  len  2
 Enroll USC nodes  ['4']  len  1
 Node TP  SortedDict({1: [0], 2: [1, 2], 3: [3, 4, 5]})
 Unobserved subclones at timepoints  {1.5: [6]}
 ============== Inside finding node v ============ 
 Time  2
 Time  3
 largest_v_mut  [[8, 9, 10, 11, 12, 13, 14, 15, 16, 17, 18, 19, 20, 21, 22, 23]]
 Sorted all timepoints  [1, 1.5, 2, 3]
 Timepoint  2
 Inside usc_node check  2
 Timepoint  3
0   1   [-1]   subclone   []   []
1   2   [6]   subclone   [8, 9, 10, 11, 12, 13, 14, 15, 16, 17, 18, 19, 20, 21, 22, 23]   [15]
2   2   [6]   subclone   [8]   [0]
3   3   [1]   subclone   [8, 9, 10, 11, 12, 13, 14, 15, 16, 17, 18, 19, 20, 21, 22, 23]   [0]
4   3   [1]   subclone   [8, 9, 10, 11, 12, 13, 14, 15, 16, 17, 18, 19, 20, 21, 22, 23, 24, 25, 26, 27, 28, 29, 30, 31, 32, 33, 34, 35, 36, 37, 38]   [15]
5   3   [2]   subclone   [8]   [0]
6   1.5   [0]   unobserved subclone   [8]   [1]
