9
 Total estimated FP  149  True negatives  14636
 Total estimated FN  1831  True positives  7384
 Estimated FP rate  0.01978
 Estimated FN rate  0.11
 No. of Cells in each cluster  {'7_2': 30, '4_2': 38, '5_2': 3, '6_3': 5, '0_3': 495, '0_2': 29}
 Cells in each cluster  {'7_2': [0, 1, 2, 3, 4, 5, 6, 7, 8, 9, 10, 11, 12, 13, 14, 15, 16, 17, 18, 19, 20, 21, 22, 23, 24, 25, 26, 27, 28, 29], '4_2': [30, 31, 32, 33, 34, 35, 36, 37, 38, 39, 40, 41, 42, 43, 44, 45, 46, 47, 48, 49, 50, 51, 52, 53, 54, 55, 56, 57, 58, 59, 60, 61, 62, 63, 64, 65, 66, 67], '5_2': [68, 69, 70], '6_3': [223, 301, 349, 471, 505], '0_3': [138, 140, 152, 160, 163, 189, 194, 215, 233, 269, 291, 311, 379, 396, 491, 567, 570, 115, 122, 174, 182, 190, 246, 258, 286, 300, 312, 330, 350, 352, 388, 409, 498, 535, 564, 574, 596, 597, 108, 227, 320, 385, 408, 431, 503, 527, 540, 573, 578, 117, 123, 240, 285, 295, 296, 354, 425, 506, 513, 520, 533, 554, 100, 101, 102, 103, 104, 105, 106, 107, 109, 110, 111, 112, 113, 114, 116, 118, 119, 120, 121, 124, 125, 126, 127, 128, 129, 130, 131, 132, 133, 134, 135, 136, 137, 139, 141, 142, 143, 144, 145, 146, 147, 148, 149, 150, 151, 153, 154, 155, 156, 157, 158, 159, 161, 162, 164, 165, 166, 167, 168, 169, 170, 171, 172, 173, 175, 176, 177, 178, 179, 180, 181, 183, 184, 185, 186, 187, 188, 191, 192, 193, 195, 196, 197, 198, 199, 200, 201, 202, 203, 204, 205, 206, 207, 208, 209, 210, 211, 212, 213, 214, 216, 217, 218, 219, 220, 221, 222, 224, 225, 226, 228, 229, 230, 231, 232, 234, 235, 236, 237, 238, 239, 241, 242, 243, 244, 245, 247, 248, 249, 250, 251, 252, 253, 254, 255, 256, 257, 259, 260, 261, 262, 263, 264, 265, 266, 267, 268, 270, 271, 272, 273, 274, 275, 276, 277, 278, 279, 280, 281, 282, 283, 284, 287, 288, 289, 290, 292, 293, 294, 297, 298, 299, 302, 303, 304, 305, 306, 307, 308, 309, 310, 313, 314, 315, 316, 317, 318, 319, 321, 322, 323, 324, 325, 326, 327, 328, 329, 331, 332, 333, 334, 335, 336, 337, 338, 339, 340, 341, 342, 343, 344, 345, 346, 347, 348, 351, 353, 355, 356, 357, 358, 359, 360, 361, 362, 363, 364, 365, 366, 367, 368, 369, 370, 371, 372, 373, 374, 375, 376, 377, 378, 380, 381, 382, 383, 384, 386, 387, 389, 390, 391, 392, 393, 394, 395, 397, 398, 399, 400, 401, 402, 403, 404, 405, 406, 407, 410, 411, 412, 413, 414, 415, 416, 417, 418, 419, 420, 421, 422, 423, 424, 426, 427, 428, 429, 430, 432, 433, 434, 435, 436, 437, 438, 439, 440, 441, 442, 443, 444, 445, 446, 447, 448, 449, 450, 451, 452, 453, 454, 455, 456, 457, 458, 459, 460, 461, 462, 463, 464, 465, 466, 467, 468, 469, 470, 472, 473, 474, 475, 476, 477, 478, 479, 480, 481, 482, 483, 484, 485, 486, 487, 488, 489, 490, 492, 493, 494, 495, 496, 497, 499, 500, 501, 502, 504, 507, 508, 509, 510, 511, 512, 514, 515, 516, 517, 518, 519, 521, 522, 523, 524, 525, 526, 528, 529, 530, 531, 532, 534, 536, 537, 538, 539, 541, 542, 543, 544, 545, 546, 547, 548, 549, 550, 551, 552, 553, 555, 556, 557, 558, 559, 560, 561, 562, 563, 565, 566, 568, 569, 571, 572, 575, 576, 577, 579, 580, 581, 582, 583, 584, 585, 586, 587, 588, 589, 590, 591, 592, 593, 594, 595, 598, 599], '0_2': [84, 78, 79, 80, 71, 72, 73, 74, 75, 76, 77, 81, 82, 83, 85, 86, 87, 88, 89, 90, 91, 92, 93, 94, 95, 96, 97, 98, 99]}
FP rate  0.01978 FN rate  0.11
 Before reassigning cells 
 Timepoint  2
 Cluster  7  # of cells  30
 Cluster  4  # of cells  38
 Cluster  5  # of cells  3
 Cluster  0  # of cells  29
 Timepoint  3
 Cluster  6  # of cells  9
 Cluster  0  # of cells  490
 Cells absent at timepoint  2   set()
 Cells absent at timepoint  3   {189}
 Missing cell prob  {'6': 4.707742750841867e-06, '0': 4.707742750841867e-06}
 Timepoint  2
 Timepoint  3
 After reassigning and merging cells 
 Timepoint  2
 Cluster  7  # of cells  30
 Cluster  4  # of cells  38
 Cluster  5  # of cells  3
 Cluster  0  # of cells  29
 Timepoint  3
 Cluster  6  # of cells  10
 Cluster  0  # of cells  490
 New Graph is here 
 ID  0  Timepoint  1  Mutations  []  Type  subclone
 ID  1  Timepoint  2  Mutations  [0, 1, 2, 3, 4, 5, 6, 7, 16, 17, 18]  Type  subclone
 ID  2  Timepoint  2  Mutations  [0, 1, 2, 3, 4, 5, 6, 7, 19, 20, 21, 22, 23, 24, 25]  Type  subclone
 ID  3  Timepoint  2  Mutations  [8, 9, 10, 11, 13, 14, 15, 26, 27, 28, 29, 30, 31, 32, 33, 34, 35, 36, 37]  Type  subclone
 ID  4  Timepoint  2  Mutations  [8, 9, 10, 11, 12, 13, 14, 15, 38, 39, 40, 41, 42, 43, 44, 45, 46, 47, 48, 49]  Type  subclone
 ID  5  Timepoint  3  Mutations  [8, 9, 10, 11, 12, 13, 14, 15, 22, 28, 38, 39, 40, 41, 42, 43, 44, 45, 46, 47, 48, 49]  Type  subclone
 ID  6  Timepoint  3  Mutations  [8, 9, 10, 11, 12, 13, 14, 15, 38, 39, 40, 41, 42, 43, 44, 45, 46, 47, 48, 49]  Type  subclone
Timepoints  SortedDict({1: [0], 2: [1, 2, 3, 4], 3: [5, 6]})
 Clone to nodes  {'7_2': 1, '4_2': 2, '5_2': 3, '0_2': 4, '6_3': 5, '0_3': 6}
 Timepoint ====  1
 Hash table  {'0,1': [0, 1, 2, 3, 4, 5, 6, 7], '0': [16, 17, 18], '1': [19, 20, 21, 22, 23, 24, 25], '2,3': [8, 9, 10, 11, 13, 14, 15], '2': [26, 27, 28, 29, 30, 31, 32, 33, 34, 35, 36, 37], '3': [12, 38, 39, 40, 41, 42, 43, 44, 45, 46, 47, 48, 49]}
 Final possible usc  [[0, 1, 2, 3, 4, 5, 6, 7], [16, 17, 18], [19, 20, 21, 22, 23, 24, 25], [8, 9, 10, 11, 13, 14, 15], [26, 27, 28, 29, 30, 31, 32, 33, 34, 35, 36, 37], [12, 38, 39, 40, 41, 42, 43, 44, 45, 46, 47, 48, 49]]
 Time  1  USC keys  {'19,20,21,22,23,24,25_0', '26,27,28,29,30,31,32,33,34,35,36,37_0', '16,17,18_0', '8,9,10,11,13,14,15_0', '12,38,39,40,41,42,43,44,45,46,47,48,49_0', '0,1,2,3,4,5,6,7_0'}
 USC children  {'0,1,2,3,4,5,6,7_0': [1, 2], '16,17,18_0': [1], '19,20,21,22,23,24,25_0': [2], '8,9,10,11,13,14,15_0': [3, 4], '26,27,28,29,30,31,32,33,34,35,36,37_0': [3], '12,38,39,40,41,42,43,44,45,46,47,48,49_0': [4]}
 USC children  {'0,1,2,3,4,5,6,7_0': [1, 2], '16,17,18_0': [1], '19,20,21,22,23,24,25_0': [2], '8,9,10,11,13,14,15_0': [3, 4], '26,27,28,29,30,31,32,33,34,35,36,37_0': [3], '12,38,39,40,41,42,43,44,45,46,47,48,49_0': [4]}
 Timepoint ====  2
 Hash table  {'0': [8, 9, 10, 11, 12, 13, 14, 15, 22, 28, 38, 39, 40, 41, 42, 43, 44, 45, 46, 47, 48, 49]}
====== Inside find superset of t nodes ==========
 Final possible usc  [[8, 9, 10, 11, 12, 13, 14, 15, 22, 28, 38, 39, 40, 41, 42, 43, 44, 45, 46, 47, 48, 49]]
 Time  2  USC keys  {'8,9,10,11,12,13,14,15,22,28,38,39,40,41,42,43,44,45,46,47,48,49_4'}
 USC children  {'0,1,2,3,4,5,6,7_0': [1, 2], '16,17,18_0': [1], '19,20,21,22,23,24,25_0': [2], '8,9,10,11,13,14,15_0': [3, 4], '26,27,28,29,30,31,32,33,34,35,36,37_0': [3], '12,38,39,40,41,42,43,44,45,46,47,48,49_0': [4], '8,9,10,11,12,13,14,15,22,28,38,39,40,41,42,43,44,45,46,47,48,49_4': [5]}
 USC children  {'0,1,2,3,4,5,6,7_0': [1, 2], '16,17,18_0': [1], '19,20,21,22,23,24,25_0': [2], '8,9,10,11,13,14,15_0': [3, 4], '26,27,28,29,30,31,32,33,34,35,36,37_0': [3], '12,38,39,40,41,42,43,44,45,46,47,48,49_0': [4], '8,9,10,11,12,13,14,15,22,28,38,39,40,41,42,43,44,45,46,47,48,49_4': [5]}
 Node s  {'1,2': ['0', '1', '2', '3', '4', '5', '6', '7'], '3,4': ['8', '9', '10', '11', '13', '14', '15'], '5': ['8', '9', '10', '11', '12', '13', '14', '15', '22', '28', '38', '39', '40', '41', '42', '43', '44', '45', '46', '47', '48', '49']}
 Enroll USC nodes  ['1', '2']  len  2
 Enroll USC nodes  ['3', '4']  len  2
 Enroll USC nodes  ['5']  len  1
 Node TP  SortedDict({1: [0], 2: [1, 2, 3, 4], 3: [5, 6]})
 Unobserved subclones at timepoints  {1.5: [7, 8]}
 ============== Inside finding node v ============ 
 Time  2
 Time  3
 largest_v_mut  [[8, 9, 10, 11, 12, 13, 14, 15, 38, 39, 40, 41, 42, 43, 44, 45, 46, 47, 48, 49]]
 Sorted all timepoints  [1, 1.5, 2, 3]
 Timepoint  2
 Inside usc_node check  2
 Timepoint  3
0   1   [-1]   subclone   []   []
1   2   [7]   subclone   [0, 1, 2, 3, 4, 5, 6, 7, 16, 17, 18]   [3]
2   2   [7]   subclone   [0, 1, 2, 3, 4, 5, 6, 7, 19, 20, 21, 22, 23, 24, 25]   [7]
3   2   [8]   subclone   [8, 9, 10, 11, 13, 14, 15, 26, 27, 28, 29, 30, 31, 32, 33, 34, 35, 36, 37]   [12]
4   2   [8]   subclone   [8, 9, 10, 11, 12, 13, 14, 15, 38, 39, 40, 41, 42, 43, 44, 45, 46, 47, 48, 49]   [13]
5   3   [4]   subclone   [8, 9, 10, 11, 12, 13, 14, 15, 22, 28, 38, 39, 40, 41, 42, 43, 44, 45, 46, 47, 48, 49]   [2]
6   3   [4]   subclone   [8, 9, 10, 11, 12, 13, 14, 15, 38, 39, 40, 41, 42, 43, 44, 45, 46, 47, 48, 49]   [0]
7   1.5   [0]   unobserved subclone   [0, 1, 2, 3, 4, 5, 6, 7]   [8]
8   1.5   [0]   unobserved subclone   [8, 9, 10, 11, 13, 14, 15]   [7]
 No. of Cells in each cluster  {'7_2': 30, '4_2': 38, '5_2': 3, '6_3': 5, '0_3': 495, '0_2': 29}
 Cells in each cluster  {'7_2': [0, 1, 2, 3, 4, 5, 6, 7, 8, 9, 10, 11, 12, 13, 14, 15, 16, 17, 18, 19, 20, 21, 22, 23, 24, 25, 26, 27, 28, 29], '4_2': [30, 31, 32, 33, 34, 35, 36, 37, 38, 39, 40, 41, 42, 43, 44, 45, 46, 47, 48, 49, 50, 51, 52, 53, 54, 55, 56, 57, 58, 59, 60, 61, 62, 63, 64, 65, 66, 67], '5_2': [68, 69, 70], '6_3': [223, 301, 349, 471, 505], '0_3': [138, 140, 152, 160, 163, 189, 194, 215, 233, 269, 291, 311, 379, 396, 491, 567, 570, 115, 122, 174, 182, 190, 246, 258, 286, 300, 312, 330, 350, 352, 388, 409, 498, 535, 564, 574, 596, 597, 108, 227, 320, 385, 408, 431, 503, 527, 540, 573, 578, 117, 123, 240, 285, 295, 296, 354, 425, 506, 513, 520, 533, 554, 100, 101, 102, 103, 104, 105, 106, 107, 109, 110, 111, 112, 113, 114, 116, 118, 119, 120, 121, 124, 125, 126, 127, 128, 129, 130, 131, 132, 133, 134, 135, 136, 137, 139, 141, 142, 143, 144, 145, 146, 147, 148, 149, 150, 151, 153, 154, 155, 156, 157, 158, 159, 161, 162, 164, 165, 166, 167, 168, 169, 170, 171, 172, 173, 175, 176, 177, 178, 179, 180, 181, 183, 184, 185, 186, 187, 188, 191, 192, 193, 195, 196, 197, 198, 199, 200, 201, 202, 203, 204, 205, 206, 207, 208, 209, 210, 211, 212, 213, 214, 216, 217, 218, 219, 220, 221, 222, 224, 225, 226, 228, 229, 230, 231, 232, 234, 235, 236, 237, 238, 239, 241, 242, 243, 244, 245, 247, 248, 249, 250, 251, 252, 253, 254, 255, 256, 257, 259, 260, 261, 262, 263, 264, 265, 266, 267, 268, 270, 271, 272, 273, 274, 275, 276, 277, 278, 279, 280, 281, 282, 283, 284, 287, 288, 289, 290, 292, 293, 294, 297, 298, 299, 302, 303, 304, 305, 306, 307, 308, 309, 310, 313, 314, 315, 316, 317, 318, 319, 321, 322, 323, 324, 325, 326, 327, 328, 329, 331, 332, 333, 334, 335, 336, 337, 338, 339, 340, 341, 342, 343, 344, 345, 346, 347, 348, 351, 353, 355, 356, 357, 358, 359, 360, 361, 362, 363, 364, 365, 366, 367, 368, 369, 370, 371, 372, 373, 374, 375, 376, 377, 378, 380, 381, 382, 383, 384, 386, 387, 389, 390, 391, 392, 393, 394, 395, 397, 398, 399, 400, 401, 402, 403, 404, 405, 406, 407, 410, 411, 412, 413, 414, 415, 416, 417, 418, 419, 420, 421, 422, 423, 424, 426, 427, 428, 429, 430, 432, 433, 434, 435, 436, 437, 438, 439, 440, 441, 442, 443, 444, 445, 446, 447, 448, 449, 450, 451, 452, 453, 454, 455, 456, 457, 458, 459, 460, 461, 462, 463, 464, 465, 466, 467, 468, 469, 470, 472, 473, 474, 475, 476, 477, 478, 479, 480, 481, 482, 483, 484, 485, 486, 487, 488, 489, 490, 492, 493, 494, 495, 496, 497, 499, 500, 501, 502, 504, 507, 508, 509, 510, 511, 512, 514, 515, 516, 517, 518, 519, 521, 522, 523, 524, 525, 526, 528, 529, 530, 531, 532, 534, 536, 537, 538, 539, 541, 542, 543, 544, 545, 546, 547, 548, 549, 550, 551, 552, 553, 555, 556, 557, 558, 559, 560, 561, 562, 563, 565, 566, 568, 569, 571, 572, 575, 576, 577, 579, 580, 581, 582, 583, 584, 585, 586, 587, 588, 589, 590, 591, 592, 593, 594, 595, 598, 599], '0_2': [84, 78, 79, 80, 71, 72, 73, 74, 75, 76, 77, 81, 82, 83, 85, 86, 87, 88, 89, 90, 91, 92, 93, 94, 95, 96, 97, 98, 99]}
FP rate  0.01978 FN rate  0.11
 Before reassigning cells 
 Timepoint  2
 Cluster  7  # of cells  30
 Cluster  4  # of cells  38
 Cluster  5  # of cells  3
 Cluster  0  # of cells  29
 Timepoint  3
 Cluster  6  # of cells  9
 Cluster  0  # of cells  490
 Cells absent at timepoint  2   set()
 Cells absent at timepoint  3   {189}
 Missing cell prob  {'6': 4.707742750841867e-06, '0': 4.707742750841867e-06}
 Timepoint  2
 Timepoint  3
 After reassigning and merging cells 
 Timepoint  2
 Cluster  7  # of cells  30
 Cluster  4  # of cells  38
 Cluster  5  # of cells  3
 Cluster  0  # of cells  29
 Timepoint  3
 Cluster  6  # of cells  10
 Cluster  0  # of cells  490
 New Graph is here 
 ID  0  Timepoint  1  Mutations  []  Type  subclone
 ID  1  Timepoint  2  Mutations  [0, 1, 2, 3, 4, 5, 6, 7, 16, 17, 18]  Type  subclone
 ID  2  Timepoint  2  Mutations  [0, 1, 2, 3, 4, 5, 6, 7, 19, 20, 21, 22, 23, 24, 25]  Type  subclone
 ID  3  Timepoint  2  Mutations  [8, 9, 10, 11, 13, 14, 15, 26, 27, 28, 29, 30, 31, 32, 33, 34, 35, 36, 37]  Type  subclone
 ID  4  Timepoint  2  Mutations  [8, 9, 10, 11, 12, 13, 14, 15, 38, 39, 40, 41, 42, 43, 44, 45, 46, 47, 48, 49]  Type  subclone
 ID  5  Timepoint  3  Mutations  [8, 9, 10, 11, 12, 13, 14, 15, 22, 28, 38, 39, 40, 41, 42, 43, 44, 45, 46, 47, 48, 49]  Type  subclone
 ID  6  Timepoint  3  Mutations  [8, 9, 10, 11, 12, 13, 14, 15, 38, 39, 40, 41, 42, 43, 44, 45, 46, 47, 48, 49]  Type  subclone
Timepoints  SortedDict({1: [0], 2: [1, 2, 3, 4], 3: [5, 6]})
 Clone to nodes  {'7_2': 1, '4_2': 2, '5_2': 3, '0_2': 4, '6_3': 5, '0_3': 6}
 Timepoint ====  1
 Hash table  {'0,1': [0, 1, 2, 3, 4, 5, 6, 7], '0': [16, 17, 18], '1': [19, 20, 21, 22, 23, 24, 25], '2,3': [8, 9, 10, 11, 13, 14, 15], '2': [26, 27, 28, 29, 30, 31, 32, 33, 34, 35, 36, 37], '3': [12, 38, 39, 40, 41, 42, 43, 44, 45, 46, 47, 48, 49]}
 Final possible usc  [[0, 1, 2, 3, 4, 5, 6, 7], [16, 17, 18], [19, 20, 21, 22, 23, 24, 25], [8, 9, 10, 11, 13, 14, 15], [26, 27, 28, 29, 30, 31, 32, 33, 34, 35, 36, 37], [12, 38, 39, 40, 41, 42, 43, 44, 45, 46, 47, 48, 49]]
 Time  1  USC keys  {'16,17,18_0', '19,20,21,22,23,24,25_0', '26,27,28,29,30,31,32,33,34,35,36,37_0', '12,38,39,40,41,42,43,44,45,46,47,48,49_0', '8,9,10,11,13,14,15_0', '0,1,2,3,4,5,6,7_0'}
 USC children  {'0,1,2,3,4,5,6,7_0': [1, 2], '16,17,18_0': [1], '19,20,21,22,23,24,25_0': [2], '8,9,10,11,13,14,15_0': [3, 4], '26,27,28,29,30,31,32,33,34,35,36,37_0': [3], '12,38,39,40,41,42,43,44,45,46,47,48,49_0': [4]}
 USC children  {'0,1,2,3,4,5,6,7_0': [1, 2], '16,17,18_0': [1], '19,20,21,22,23,24,25_0': [2], '8,9,10,11,13,14,15_0': [3, 4], '26,27,28,29,30,31,32,33,34,35,36,37_0': [3], '12,38,39,40,41,42,43,44,45,46,47,48,49_0': [4]}
 Timepoint ====  2
 Hash table  {'0': [8, 9, 10, 11, 12, 13, 14, 15, 22, 28, 38, 39, 40, 41, 42, 43, 44, 45, 46, 47, 48, 49]}
====== Inside find superset of t nodes ==========
 Final possible usc  [[8, 9, 10, 11, 12, 13, 14, 15, 22, 28, 38, 39, 40, 41, 42, 43, 44, 45, 46, 47, 48, 49]]
 Time  2  USC keys  {'8,9,10,11,12,13,14,15,22,28,38,39,40,41,42,43,44,45,46,47,48,49_4'}
 USC children  {'0,1,2,3,4,5,6,7_0': [1, 2], '16,17,18_0': [1], '19,20,21,22,23,24,25_0': [2], '8,9,10,11,13,14,15_0': [3, 4], '26,27,28,29,30,31,32,33,34,35,36,37_0': [3], '12,38,39,40,41,42,43,44,45,46,47,48,49_0': [4], '8,9,10,11,12,13,14,15,22,28,38,39,40,41,42,43,44,45,46,47,48,49_4': [5]}
 USC children  {'0,1,2,3,4,5,6,7_0': [1, 2], '16,17,18_0': [1], '19,20,21,22,23,24,25_0': [2], '8,9,10,11,13,14,15_0': [3, 4], '26,27,28,29,30,31,32,33,34,35,36,37_0': [3], '12,38,39,40,41,42,43,44,45,46,47,48,49_0': [4], '8,9,10,11,12,13,14,15,22,28,38,39,40,41,42,43,44,45,46,47,48,49_4': [5]}
 Node s  {'1,2': ['0', '1', '2', '3', '4', '5', '6', '7'], '3,4': ['8', '9', '10', '11', '13', '14', '15'], '5': ['8', '9', '10', '11', '12', '13', '14', '15', '22', '28', '38', '39', '40', '41', '42', '43', '44', '45', '46', '47', '48', '49']}
 Enroll USC nodes  ['1', '2']  len  2
 Enroll USC nodes  ['3', '4']  len  2
 Enroll USC nodes  ['5']  len  1
 Node TP  SortedDict({1: [0], 2: [1, 2, 3, 4], 3: [5, 6]})
 Unobserved subclones at timepoints  {1.5: [7, 8]}
 ============== Inside finding node v ============ 
 Time  2
 Time  3
 largest_v_mut  [[8, 9, 10, 11, 12, 13, 14, 15, 38, 39, 40, 41, 42, 43, 44, 45, 46, 47, 48, 49]]
 Sorted all timepoints  [1, 1.5, 2, 3]
 Timepoint  2
 Inside usc_node check  2
 Timepoint  3
0   1   [-1]   subclone   []   []
1   2   [7]   subclone   [0, 1, 2, 3, 4, 5, 6, 7, 16, 17, 18]   [3]
2   2   [7]   subclone   [0, 1, 2, 3, 4, 5, 6, 7, 19, 20, 21, 22, 23, 24, 25]   [7]
3   2   [8]   subclone   [8, 9, 10, 11, 13, 14, 15, 26, 27, 28, 29, 30, 31, 32, 33, 34, 35, 36, 37]   [12]
4   2   [8]   subclone   [8, 9, 10, 11, 12, 13, 14, 15, 38, 39, 40, 41, 42, 43, 44, 45, 46, 47, 48, 49]   [13]
5   3   [4]   subclone   [8, 9, 10, 11, 12, 13, 14, 15, 22, 28, 38, 39, 40, 41, 42, 43, 44, 45, 46, 47, 48, 49]   [2]
6   3   [4]   subclone   [8, 9, 10, 11, 12, 13, 14, 15, 38, 39, 40, 41, 42, 43, 44, 45, 46, 47, 48, 49]   [0]
7   1.5   [0]   unobserved subclone   [0, 1, 2, 3, 4, 5, 6, 7]   [8]
8   1.5   [0]   unobserved subclone   [8, 9, 10, 11, 13, 14, 15]   [7]
 No. of Cells in each cluster  {'7_2': 30, '4_2': 38, '5_2': 3, '6_3': 5, '0_3': 495, '0_2': 29}
 Cells in each cluster  {'7_2': [0, 1, 2, 3, 4, 5, 6, 7, 8, 9, 10, 11, 12, 13, 14, 15, 16, 17, 18, 19, 20, 21, 22, 23, 24, 25, 26, 27, 28, 29], '4_2': [30, 31, 32, 33, 34, 35, 36, 37, 38, 39, 40, 41, 42, 43, 44, 45, 46, 47, 48, 49, 50, 51, 52, 53, 54, 55, 56, 57, 58, 59, 60, 61, 62, 63, 64, 65, 66, 67], '5_2': [68, 69, 70], '6_3': [223, 301, 349, 471, 505], '0_3': [138, 140, 152, 160, 163, 189, 194, 215, 233, 269, 291, 311, 379, 396, 491, 567, 570, 115, 122, 174, 182, 190, 246, 258, 286, 300, 312, 330, 350, 352, 388, 409, 498, 535, 564, 574, 596, 597, 108, 227, 320, 385, 408, 431, 503, 527, 540, 573, 578, 117, 123, 240, 285, 295, 296, 354, 425, 506, 513, 520, 533, 554, 100, 101, 102, 103, 104, 105, 106, 107, 109, 110, 111, 112, 113, 114, 116, 118, 119, 120, 121, 124, 125, 126, 127, 128, 129, 130, 131, 132, 133, 134, 135, 136, 137, 139, 141, 142, 143, 144, 145, 146, 147, 148, 149, 150, 151, 153, 154, 155, 156, 157, 158, 159, 161, 162, 164, 165, 166, 167, 168, 169, 170, 171, 172, 173, 175, 176, 177, 178, 179, 180, 181, 183, 184, 185, 186, 187, 188, 191, 192, 193, 195, 196, 197, 198, 199, 200, 201, 202, 203, 204, 205, 206, 207, 208, 209, 210, 211, 212, 213, 214, 216, 217, 218, 219, 220, 221, 222, 224, 225, 226, 228, 229, 230, 231, 232, 234, 235, 236, 237, 238, 239, 241, 242, 243, 244, 245, 247, 248, 249, 250, 251, 252, 253, 254, 255, 256, 257, 259, 260, 261, 262, 263, 264, 265, 266, 267, 268, 270, 271, 272, 273, 274, 275, 276, 277, 278, 279, 280, 281, 282, 283, 284, 287, 288, 289, 290, 292, 293, 294, 297, 298, 299, 302, 303, 304, 305, 306, 307, 308, 309, 310, 313, 314, 315, 316, 317, 318, 319, 321, 322, 323, 324, 325, 326, 327, 328, 329, 331, 332, 333, 334, 335, 336, 337, 338, 339, 340, 341, 342, 343, 344, 345, 346, 347, 348, 351, 353, 355, 356, 357, 358, 359, 360, 361, 362, 363, 364, 365, 366, 367, 368, 369, 370, 371, 372, 373, 374, 375, 376, 377, 378, 380, 381, 382, 383, 384, 386, 387, 389, 390, 391, 392, 393, 394, 395, 397, 398, 399, 400, 401, 402, 403, 404, 405, 406, 407, 410, 411, 412, 413, 414, 415, 416, 417, 418, 419, 420, 421, 422, 423, 424, 426, 427, 428, 429, 430, 432, 433, 434, 435, 436, 437, 438, 439, 440, 441, 442, 443, 444, 445, 446, 447, 448, 449, 450, 451, 452, 453, 454, 455, 456, 457, 458, 459, 460, 461, 462, 463, 464, 465, 466, 467, 468, 469, 470, 472, 473, 474, 475, 476, 477, 478, 479, 480, 481, 482, 483, 484, 485, 486, 487, 488, 489, 490, 492, 493, 494, 495, 496, 497, 499, 500, 501, 502, 504, 507, 508, 509, 510, 511, 512, 514, 515, 516, 517, 518, 519, 521, 522, 523, 524, 525, 526, 528, 529, 530, 531, 532, 534, 536, 537, 538, 539, 541, 542, 543, 544, 545, 546, 547, 548, 549, 550, 551, 552, 553, 555, 556, 557, 558, 559, 560, 561, 562, 563, 565, 566, 568, 569, 571, 572, 575, 576, 577, 579, 580, 581, 582, 583, 584, 585, 586, 587, 588, 589, 590, 591, 592, 593, 594, 595, 598, 599], '0_2': [84, 78, 79, 80, 71, 72, 73, 74, 75, 76, 77, 81, 82, 83, 85, 86, 87, 88, 89, 90, 91, 92, 93, 94, 95, 96, 97, 98, 99]}
FP rate  0.01978 FN rate  0.11
 Before reassigning cells 
 Timepoint  2
 Cluster  7  # of cells  30
 Cluster  4  # of cells  38
 Cluster  5  # of cells  3
 Cluster  0  # of cells  29
 Timepoint  3
 Cluster  6  # of cells  9
 Cluster  0  # of cells  490
 Cells absent at timepoint  2   set()
 Cells absent at timepoint  3   {189}
 Missing cell prob  {'0': 4.707742750841867e-06, '6': 4.707742750841867e-06}
 Timepoint  2
 Timepoint  3
 After reassigning and merging cells 
 Timepoint  2
 Cluster  7  # of cells  30
 No. of Cells in each cluster  {'7_2': 30, '4_2': 38, '5_2': 3, '6_3': 5, '0_3': 495, '0_2': 29}
 Cells in each cluster  {'7_2': [0, 1, 2, 3, 4, 5, 6, 7, 8, 9, 10, 11, 12, 13, 14, 15, 16, 17, 18, 19, 20, 21, 22, 23, 24, 25, 26, 27, 28, 29], '4_2': [30, 31, 32, 33, 34, 35, 36, 37, 38, 39, 40, 41, 42, 43, 44, 45, 46, 47, 48, 49, 50, 51, 52, 53, 54, 55, 56, 57, 58, 59, 60, 61, 62, 63, 64, 65, 66, 67], '5_2': [68, 69, 70], '6_3': [223, 301, 349, 471, 505], '0_3': [138, 140, 152, 160, 163, 189, 194, 215, 233, 269, 291, 311, 379, 396, 491, 567, 570, 115, 122, 174, 182, 190, 246, 258, 286, 300, 312, 330, 350, 352, 388, 409, 498, 535, 564, 574, 596, 597, 108, 227, 320, 385, 408, 431, 503, 527, 540, 573, 578, 117, 123, 240, 285, 295, 296, 354, 425, 506, 513, 520, 533, 554, 100, 101, 102, 103, 104, 105, 106, 107, 109, 110, 111, 112, 113, 114, 116, 118, 119, 120, 121, 124, 125, 126, 127, 128, 129, 130, 131, 132, 133, 134, 135, 136, 137, 139, 141, 142, 143, 144, 145, 146, 147, 148, 149, 150, 151, 153, 154, 155, 156, 157, 158, 159, 161, 162, 164, 165, 166, 167, 168, 169, 170, 171, 172, 173, 175, 176, 177, 178, 179, 180, 181, 183, 184, 185, 186, 187, 188, 191, 192, 193, 195, 196, 197, 198, 199, 200, 201, 202, 203, 204, 205, 206, 207, 208, 209, 210, 211, 212, 213, 214, 216, 217, 218, 219, 220, 221, 222, 224, 225, 226, 228, 229, 230, 231, 232, 234, 235, 236, 237, 238, 239, 241, 242, 243, 244, 245, 247, 248, 249, 250, 251, 252, 253, 254, 255, 256, 257, 259, 260, 261, 262, 263, 264, 265, 266, 267, 268, 270, 271, 272, 273, 274, 275, 276, 277, 278, 279, 280, 281, 282, 283, 284, 287, 288, 289, 290, 292, 293, 294, 297, 298, 299, 302, 303, 304, 305, 306, 307, 308, 309, 310, 313, 314, 315, 316, 317, 318, 319, 321, 322, 323, 324, 325, 326, 327, 328, 329, 331, 332, 333, 334, 335, 336, 337, 338, 339, 340, 341, 342, 343, 344, 345, 346, 347, 348, 351, 353, 355, 356, 357, 358, 359, 360, 361, 362, 363, 364, 365, 366, 367, 368, 369, 370, 371, 372, 373, 374, 375, 376, 377, 378, 380, 381, 382, 383, 384, 386, 387, 389, 390, 391, 392, 393, 394, 395, 397, 398, 399, 400, 401, 402, 403, 404, 405, 406, 407, 410, 411, 412, 413, 414, 415, 416, 417, 418, 419, 420, 421, 422, 423, 424, 426, 427, 428, 429, 430, 432, 433, 434, 435, 436, 437, 438, 439, 440, 441, 442, 443, 444, 445, 446, 447, 448, 449, 450, 451, 452, 453, 454, 455, 456, 457, 458, 459, 460, 461, 462, 463, 464, 465, 466, 467, 468, 469, 470, 472, 473, 474, 475, 476, 477, 478, 479, 480, 481, 482, 483, 484, 485, 486, 487, 488, 489, 490, 492, 493, 494, 495, 496, 497, 499, 500, 501, 502, 504, 507, 508, 509, 510, 511, 512, 514, 515, 516, 517, 518, 519, 521, 522, 523, 524, 525, 526, 528, 529, 530, 531, 532, 534, 536, 537, 538, 539, 541, 542, 543, 544, 545, 546, 547, 548, 549, 550, 551, 552, 553, 555, 556, 557, 558, 559, 560, 561, 562, 563, 565, 566, 568, 569, 571, 572, 575, 576, 577, 579, 580, 581, 582, 583, 584, 585, 586, 587, 588, 589, 590, 591, 592, 593, 594, 595, 598, 599], '0_2': [84, 78, 79, 80, 71, 72, 73, 74, 75, 76, 77, 81, 82, 83, 85, 86, 87, 88, 89, 90, 91, 92, 93, 94, 95, 96, 97, 98, 99]}
FP rate  0.01978 FN rate  0.11
 Before reassigning cells 
 Timepoint  2
 Cluster  7  # of cells  30
 Cluster  4  # of cells  38
 Cluster  5  # of cells  3
 Cluster  0  # of cells  29
 Timepoint  3
 Cluster  6  # of cells  9
 Cluster  0  # of cells  490
 Cells absent at timepoint  2   set()
 Cells absent at timepoint  3   {189}
 Missing cell prob  {'0': 4.707742750841867e-06, '6': 4.707742750841867e-06}
 Timepoint  2
 Timepoint  3
 After reassigning and merging cells 
 Timepoint  2
 Cluster  7  # of cells  30
 Cluster  4  # of cells  38
 Cluster  5  # of cells  3
 Cluster  0  # of cells  29
 Timepoint  3
 Cluster  6  # of cells  9
 Cluster  0  # of cells  491
 Tp cluster cell dict  {'7_2': 30, '4_2': 38, '5_2': 3, '0_2': 29, '6_3': 9, '0_3': 491}
 New Graph is here 
 ID  0  Timepoint  1  Mutations  []  Type  subclone
 ID  1  Timepoint  2  Mutations  [0, 1, 2, 3, 4, 5, 6, 7, 16, 17, 18]  Type  subclone
 ID  2  Timepoint  2  Mutations  [0, 1, 2, 3, 4, 5, 6, 7, 19, 20, 21, 22, 23, 24, 25]  Type  subclone
 ID  3  Timepoint  2  Mutations  [8, 9, 10, 11, 13, 14, 15, 26, 27, 28, 29, 30, 31, 32, 33, 34, 35, 36, 37]  Type  subclone
 ID  4  Timepoint  2  Mutations  [8, 9, 10, 11, 12, 13, 14, 15, 38, 39, 40, 41, 42, 43, 44, 45, 46, 47, 48, 49]  Type  subclone
 ID  5  Timepoint  3  Mutations  [8, 9, 12, 15, 22, 28, 38, 39, 40, 41, 42, 43, 44, 46, 47, 48, 49]  Type  subclone
 ID  6  Timepoint  3  Mutations  [8, 9, 10, 11, 12, 13, 14, 15, 38, 39, 40, 41, 42, 43, 44, 45, 46, 47, 48, 49]  Type  subclone
Timepoints  SortedDict({1: [0], 2: [1, 2, 3, 4], 3: [5, 6]})
 Clone to nodes  {'7_2': 1, '4_2': 2, '5_2': 3, '0_2': 4, '6_3': 5, '0_3': 6}
 Timepoint ====  1
 Hash table  {'0,1': [0, 1, 2, 3, 4, 5, 6, 7], '0': [16, 17, 18], '1': [19, 20, 21, 22, 23, 24, 25], '2,3': [8, 9, 10, 11, 13, 14, 15], '2': [26, 27, 28, 29, 30, 31, 32, 33, 34, 35, 36, 37], '3': [12, 38, 39, 40, 41, 42, 43, 44, 45, 46, 47, 48, 49]}
 Final possible usc  [[0, 1, 2, 3, 4, 5, 6, 7], [16, 17, 18], [19, 20, 21, 22, 23, 24, 25], [8, 9, 10, 11, 13, 14, 15], [26, 27, 28, 29, 30, 31, 32, 33, 34, 35, 36, 37], [12, 38, 39, 40, 41, 42, 43, 44, 45, 46, 47, 48, 49]]
 Time  1  USC keys  {'8,9,10,11,13,14,15_0', '16,17,18_0', '12,38,39,40,41,42,43,44,45,46,47,48,49_0', '0,1,2,3,4,5,6,7_0', '26,27,28,29,30,31,32,33,34,35,36,37_0', '19,20,21,22,23,24,25_0'}
 USC children  {'0,1,2,3,4,5,6,7_0': [1, 2], '16,17,18_0': [1], '19,20,21,22,23,24,25_0': [2], '8,9,10,11,13,14,15_0': [3, 4], '26,27,28,29,30,31,32,33,34,35,36,37_0': [3], '12,38,39,40,41,42,43,44,45,46,47,48,49_0': [4]}
 USC children  {'0,1,2,3,4,5,6,7_0': [1, 2], '16,17,18_0': [1], '19,20,21,22,23,24,25_0': [2], '8,9,10,11,13,14,15_0': [3, 4], '26,27,28,29,30,31,32,33,34,35,36,37_0': [3], '12,38,39,40,41,42,43,44,45,46,47,48,49_0': [4]}
 Timepoint ====  2
 Hash table  {'0': [8, 9, 12, 15, 22, 28, 38, 39, 40, 41, 42, 43, 44, 46, 47, 48, 49]}
====== Inside find superset of t nodes ==========
 Final possible usc  []
 Time  2  USC keys  set()
 USC children  {'0,1,2,3,4,5,6,7_0': [1, 2], '16,17,18_0': [1], '19,20,21,22,23,24,25_0': [2], '8,9,10,11,13,14,15_0': [3, 4], '26,27,28,29,30,31,32,33,34,35,36,37_0': [3], '12,38,39,40,41,42,43,44,45,46,47,48,49_0': [4]}
 USC children  {'0,1,2,3,4,5,6,7_0': [1, 2], '16,17,18_0': [1], '19,20,21,22,23,24,25_0': [2], '8,9,10,11,13,14,15_0': [3, 4], '26,27,28,29,30,31,32,33,34,35,36,37_0': [3], '12,38,39,40,41,42,43,44,45,46,47,48,49_0': [4]}
 Node s  {'1,2': ['0', '1', '2', '3', '4', '5', '6', '7'], '3,4': ['8', '9', '10', '11', '13', '14', '15']}
 Enroll USC nodes  ['1', '2']  len  2
 Enroll USC nodes  ['3', '4']  len  2
 Node TP  SortedDict({1: [0], 2: [1, 2, 3, 4], 3: [5, 6]})
 Unobserved subclones at timepoints  {1.5: [7, 8]}
 ============== Inside finding node v ============ 
 Time  2
 Time  3
 largest_v_mut  []
 Sorted all timepoints  [1, 1.5, 2, 3]
 Timepoint  2
 Inside usc_node check  2
 Timepoint  3
 Node  5  has no parent 
 USC nodes  []
 Node with minimum mutation sets  {1: 11, 2: 14, 3: 15, 4: 5}
0   1   [-1]   subclone   []   []
1   2   [7]   subclone   [0, 1, 2, 3, 4, 5, 6, 7, 16, 17, 18]   [3]
2   2   [7]   subclone   [0, 1, 2, 3, 4, 5, 6, 7, 19, 20, 21, 22, 23, 24, 25]   [7]
3   2   [8]   subclone   [8, 9, 10, 11, 13, 14, 15, 26, 27, 28, 29, 30, 31, 32, 33, 34, 35, 36, 37]   [12]
4   2   [8]   subclone   [8, 9, 10, 11, 12, 13, 14, 15, 38, 39, 40, 41, 42, 43, 44, 45, 46, 47, 48, 49]   [13]
5   3   [4]   subclone   [8, 9, 12, 15, 22, 28, 38, 39, 40, 41, 42, 43, 44, 46, 47, 48, 49]   [2]
6   3   [4]   subclone   [8, 9, 10, 11, 12, 13, 14, 15, 38, 39, 40, 41, 42, 43, 44, 45, 46, 47, 48, 49]   [0]
7   1.5   [0]   unobserved subclone   [0, 1, 2, 3, 4, 5, 6, 7]   [8]
8   1.5   [0]   unobserved subclone   [8, 9, 10, 11, 13, 14, 15]   [7]
 No. of Cells in each cluster  {'7_2': 30, '4_2': 38, '5_2': 3, '6_3': 5, '0_3': 495, '0_2': 29}
 Cells in each cluster  {'7_2': [0, 1, 2, 3, 4, 5, 6, 7, 8, 9, 10, 11, 12, 13, 14, 15, 16, 17, 18, 19, 20, 21, 22, 23, 24, 25, 26, 27, 28, 29], '4_2': [30, 31, 32, 33, 34, 35, 36, 37, 38, 39, 40, 41, 42, 43, 44, 45, 46, 47, 48, 49, 50, 51, 52, 53, 54, 55, 56, 57, 58, 59, 60, 61, 62, 63, 64, 65, 66, 67], '5_2': [68, 69, 70], '6_3': [223, 301, 349, 471, 505], '0_3': [138, 140, 152, 160, 163, 189, 194, 215, 233, 269, 291, 311, 379, 396, 491, 567, 570, 115, 122, 174, 182, 190, 246, 258, 286, 300, 312, 330, 350, 352, 388, 409, 498, 535, 564, 574, 596, 597, 108, 227, 320, 385, 408, 431, 503, 527, 540, 573, 578, 117, 123, 240, 285, 295, 296, 354, 425, 506, 513, 520, 533, 554, 100, 101, 102, 103, 104, 105, 106, 107, 109, 110, 111, 112, 113, 114, 116, 118, 119, 120, 121, 124, 125, 126, 127, 128, 129, 130, 131, 132, 133, 134, 135, 136, 137, 139, 141, 142, 143, 144, 145, 146, 147, 148, 149, 150, 151, 153, 154, 155, 156, 157, 158, 159, 161, 162, 164, 165, 166, 167, 168, 169, 170, 171, 172, 173, 175, 176, 177, 178, 179, 180, 181, 183, 184, 185, 186, 187, 188, 191, 192, 193, 195, 196, 197, 198, 199, 200, 201, 202, 203, 204, 205, 206, 207, 208, 209, 210, 211, 212, 213, 214, 216, 217, 218, 219, 220, 221, 222, 224, 225, 226, 228, 229, 230, 231, 232, 234, 235, 236, 237, 238, 239, 241, 242, 243, 244, 245, 247, 248, 249, 250, 251, 252, 253, 254, 255, 256, 257, 259, 260, 261, 262, 263, 264, 265, 266, 267, 268, 270, 271, 272, 273, 274, 275, 276, 277, 278, 279, 280, 281, 282, 283, 284, 287, 288, 289, 290, 292, 293, 294, 297, 298, 299, 302, 303, 304, 305, 306, 307, 308, 309, 310, 313, 314, 315, 316, 317, 318, 319, 321, 322, 323, 324, 325, 326, 327, 328, 329, 331, 332, 333, 334, 335, 336, 337, 338, 339, 340, 341, 342, 343, 344, 345, 346, 347, 348, 351, 353, 355, 356, 357, 358, 359, 360, 361, 362, 363, 364, 365, 366, 367, 368, 369, 370, 371, 372, 373, 374, 375, 376, 377, 378, 380, 381, 382, 383, 384, 386, 387, 389, 390, 391, 392, 393, 394, 395, 397, 398, 399, 400, 401, 402, 403, 404, 405, 406, 407, 410, 411, 412, 413, 414, 415, 416, 417, 418, 419, 420, 421, 422, 423, 424, 426, 427, 428, 429, 430, 432, 433, 434, 435, 436, 437, 438, 439, 440, 441, 442, 443, 444, 445, 446, 447, 448, 449, 450, 451, 452, 453, 454, 455, 456, 457, 458, 459, 460, 461, 462, 463, 464, 465, 466, 467, 468, 469, 470, 472, 473, 474, 475, 476, 477, 478, 479, 480, 481, 482, 483, 484, 485, 486, 487, 488, 489, 490, 492, 493, 494, 495, 496, 497, 499, 500, 501, 502, 504, 507, 508, 509, 510, 511, 512, 514, 515, 516, 517, 518, 519, 521, 522, 523, 524, 525, 526, 528, 529, 530, 531, 532, 534, 536, 537, 538, 539, 541, 542, 543, 544, 545, 546, 547, 548, 549, 550, 551, 552, 553, 555, 556, 557, 558, 559, 560, 561, 562, 563, 565, 566, 568, 569, 571, 572, 575, 576, 577, 579, 580, 581, 582, 583, 584, 585, 586, 587, 588, 589, 590, 591, 592, 593, 594, 595, 598, 599], '0_2': [84, 78, 79, 80, 71, 72, 73, 74, 75, 76, 77, 81, 82, 83, 85, 86, 87, 88, 89, 90, 91, 92, 93, 94, 95, 96, 97, 98, 99]}
FP rate  0.01978 FN rate  0.11
 Before reassigning cells 
 Timepoint  2
 Cluster  7  # of cells  30
 Cluster  4  # of cells  38
 Cluster  5  # of cells  3
 Cluster  0  # of cells  29
 Timepoint  3
 Cluster  6  # of cells  9
 Cluster  0  # of cells  490
 Cells absent at timepoint  2   set()
 Cells absent at timepoint  3   {189}
 Missing cell prob  {'0': 4.707742750841867e-06, '6': 4.707742750841867e-06}
 Timepoint  2
 Timepoint  3
 After reassigning and merging cells 
 Timepoint  2
 Cluster  7  # of cells  30
 Cluster  4  # of cells  38
 Cluster  5  # of cells  3
 Cluster  0  # of cells  29
 Timepoint  3
 Cluster  6  # of cells  9
 Cluster  0  # of cells  491
 Tp cluster cell dict  {'7_2': 30, '4_2': 38, '5_2': 3, '0_2': 29, '6_3': 9, '0_3': 491}
 New Graph is here 
 ID  0  Timepoint  1  Mutations  []  Type  subclone
 ID  1  Timepoint  2  Mutations  [0, 1, 2, 3, 4, 5, 6, 7, 16, 17, 18]  Type  subclone
 ID  2  Timepoint  2  Mutations  [0, 1, 2, 3, 4, 5, 6, 7, 19, 20, 21, 22, 23, 24, 25]  Type  subclone
 ID  3  Timepoint  2  Mutations  [8, 9, 10, 11, 13, 14, 15, 26, 27, 28, 29, 30, 31, 32, 33, 34, 35, 36, 37]  Type  subclone
 ID  4  Timepoint  2  Mutations  [8, 9, 10, 11, 12, 13, 14, 15, 38, 39, 40, 41, 42, 43, 44, 45, 46, 47, 48, 49]  Type  subclone
 ID  5  Timepoint  3  Mutations  [8, 9, 12, 15, 22, 28, 38, 39, 40, 41, 42, 43, 44, 46, 47, 48, 49]  Type  subclone
 ID  6  Timepoint  3  Mutations  [8, 9, 10, 11, 12, 13, 14, 15, 38, 39, 40, 41, 42, 43, 44, 45, 46, 47, 48, 49]  Type  subclone
Timepoints  SortedDict({1: [0], 2: [1, 2, 3, 4], 3: [5, 6]})
 Clone to nodes  {'7_2': 1, '4_2': 2, '5_2': 3, '0_2': 4, '6_3': 5, '0_3': 6}
 Timepoint ====  1
 Hash table  {'0,1': [0, 1, 2, 3, 4, 5, 6, 7], '0': [16, 17, 18], '1': [19, 20, 21, 22, 23, 24, 25], '2,3': [8, 9, 10, 11, 13, 14, 15], '2': [26, 27, 28, 29, 30, 31, 32, 33, 34, 35, 36, 37], '3': [12, 38, 39, 40, 41, 42, 43, 44, 45, 46, 47, 48, 49]}
 Final possible usc  [[0, 1, 2, 3, 4, 5, 6, 7], [16, 17, 18], [19, 20, 21, 22, 23, 24, 25], [8, 9, 10, 11, 13, 14, 15], [26, 27, 28, 29, 30, 31, 32, 33, 34, 35, 36, 37], [12, 38, 39, 40, 41, 42, 43, 44, 45, 46, 47, 48, 49]]
 Time  1  USC keys  {'8,9,10,11,13,14,15_0', '19,20,21,22,23,24,25_0', '12,38,39,40,41,42,43,44,45,46,47,48,49_0', '16,17,18_0', '0,1,2,3,4,5,6,7_0', '26,27,28,29,30,31,32,33,34,35,36,37_0'}
 USC children  {'0,1,2,3,4,5,6,7_0': [1, 2], '16,17,18_0': [1], '19,20,21,22,23,24,25_0': [2], '8,9,10,11,13,14,15_0': [3, 4], '26,27,28,29,30,31,32,33,34,35,36,37_0': [3], '12,38,39,40,41,42,43,44,45,46,47,48,49_0': [4]}
 USC children  {'0,1,2,3,4,5,6,7_0': [1, 2], '16,17,18_0': [1], '19,20,21,22,23,24,25_0': [2], '8,9,10,11,13,14,15_0': [3, 4], '26,27,28,29,30,31,32,33,34,35,36,37_0': [3], '12,38,39,40,41,42,43,44,45,46,47,48,49_0': [4]}
 Timepoint ====  2
 Hash table  {'0': [8, 9, 12, 15, 22, 28, 38, 39, 40, 41, 42, 43, 44, 46, 47, 48, 49]}
====== Inside find superset of t nodes ==========
 Final possible usc  []
 Time  2  USC keys  set()
 USC children  {'0,1,2,3,4,5,6,7_0': [1, 2], '16,17,18_0': [1], '19,20,21,22,23,24,25_0': [2], '8,9,10,11,13,14,15_0': [3, 4], '26,27,28,29,30,31,32,33,34,35,36,37_0': [3], '12,38,39,40,41,42,43,44,45,46,47,48,49_0': [4]}
 USC children  {'0,1,2,3,4,5,6,7_0': [1, 2], '16,17,18_0': [1], '19,20,21,22,23,24,25_0': [2], '8,9,10,11,13,14,15_0': [3, 4], '26,27,28,29,30,31,32,33,34,35,36,37_0': [3], '12,38,39,40,41,42,43,44,45,46,47,48,49_0': [4]}
 Node s  {'1,2': ['0', '1', '2', '3', '4', '5', '6', '7'], '3,4': ['8', '9', '10', '11', '13', '14', '15']}
 Enroll USC nodes  ['1', '2']  len  2
 Enroll USC nodes  ['3', '4']  len  2
 Node TP  SortedDict({1: [0], 2: [1, 2, 3, 4], 3: [5, 6]})
 Unobserved subclones at timepoints  {1.5: [7, 8]}
 ============== Inside finding node v ============ 
 Time  2
 Time  3
 largest_v_mut  []
 Sorted all timepoints  [1, 1.5, 2, 3]
 Timepoint  2
 Inside usc_node check  2
 Timepoint  3
 Node  5  has no parent 
 USC nodes  []
 Node with minimum mutation sets  {1: 11, 2: 14, 3: 15, 4: 5}
0   1   [-1]   subclone   []   []
1   2   [7]   subclone   [0, 1, 2, 3, 4, 5, 6, 7, 16, 17, 18]   [3]
2   2   [7]   subclone   [0, 1, 2, 3, 4, 5, 6, 7, 19, 20, 21, 22, 23, 24, 25]   [7]
3   2   [8]   subclone   [8, 9, 10, 11, 13, 14, 15, 26, 27, 28, 29, 30, 31, 32, 33, 34, 35, 36, 37]   [12]
4   2   [8]   subclone   [8, 9, 10, 11, 12, 13, 14, 15, 38, 39, 40, 41, 42, 43, 44, 45, 46, 47, 48, 49]   [13]
5   3   [4]   subclone   [8, 9, 12, 15, 22, 28, 38, 39, 40, 41, 42, 43, 44, 46, 47, 48, 49]   [2]
6   3   [4]   subclone   [8, 9, 10, 11, 12, 13, 14, 15, 38, 39, 40, 41, 42, 43, 44, 45, 46, 47, 48, 49]   [0]
7   1.5   [0]   unobserved subclone   [0, 1, 2, 3, 4, 5, 6, 7]   [8]
8   1.5   [0]   unobserved subclone   [8, 9, 10, 11, 13, 14, 15]   [7]
